/*--------------------------------*- C++ -*----------------------------------*\
  =========                 |
  \\      /  F ield         | OpenFOAM: The Open Source CFD Toolbox
   \\    /   O peration     | Website:  https://openfoam.org
    \\  /    A nd           | Version:  10
     \\/     M anipulation  |
\*---------------------------------------------------------------------------*/
FoamFile
{
    format      ascii;
    class       vectorFieldField;
    location    "0/lagrangian/cloud";
    object      collisionRecordsWallData;
}
// * * * * * * * * * * * * * * * * * * * * * * * * * * * * * * * * * * * * * //


3300
(
2((2.71302e-25 3.5166e-08 1.60529e-09) (0 0 0))
2((1.8683e-23 1.80555e-07 -2.65472e-08) (-7.71034e-10 7.25039e-10 -6.50694e-26))
2((1.306e-24 4.94209e-08 6.6323e-09) (-5.70926e-11 -3.05631e-09 2.85513e-24))
0()
1((-3.49874e-24 -1.68269e-07 -5.73996e-09))
1((3.9655e-09 -2.78172e-10 -3.03957e-25))
2((2.76699e-09 -1.07003e-09 -3.28899e-26) (-3.01339e-25 2.43938e-08 -8.77441e-09))
2((-3.60287e-22 -1.57044e-07 -1.69885e-08) (6.7131e-09 -3.18541e-09 3.32921e-24))
2((6.61719e-24 -2.63097e-07 -1.0192e-08) (2.15177e-09 2.25223e-09 2.63414e-24))
1((-7.94726e-09 1.89044e-09 -3.05166e-25))
1((-1.87851e-10 3.42776e-09 2.78916e-26))
2((-1.96516e-25 1.08972e-08 -6.98874e-10) (-1.4897e-10 1.96209e-10 -3.99583e-26))
1((9.33259e-24 -2.59352e-07 8.51232e-10))
2((-2.00756e-24 5.63895e-09 4.24874e-10) (-2.49777e-11 1.78715e-09 1.1316e-27))
0()
1((-4.08477e-09 -2.12481e-09 0))
0()
2((-2.98271e-23 -8.23694e-08 6.3262e-09) (8.04125e-11 1.79307e-09 2.02726e-26))
0()
2((-9.6044e-25 -2.45922e-09 3.85154e-10) (5.51557e-10 -3.62025e-10 3.64535e-26))
1((1.36715e-09 -1.85479e-09 -2.75513e-25))
1((-5.02667e-09 -1.99896e-09 7.32163e-25))
2((3.11875e-25 -9.52525e-08 6.72653e-09) (1.15848e-09 -2.86727e-09 -4.95197e-26))
1((-1.25122e-09 6.5899e-10 0))
1((-9.81679e-25 1.27072e-07 1.26913e-09))
1((0 0 0))
1((-3.11145e-09 -3.57972e-09 5.58608e-25))
2((1.09845e-23 -1.01332e-08 6.75045e-09) (0 0 0))
0()
1((0 0 0))
1((1.35038e-24 4.82962e-08 4.64749e-10))
1((2.63075e-24 -3.29829e-08 -9.22505e-11))
0()
1((3.24606e-26 -3.24055e-09 -8.91504e-10))
1((-3.05943e-08 1.76637e-08 1.03969e-10))
2((-2.10723e-08 1.21661e-08 3.33224e-09) (-2.22976e-08 1.35799e-09 1.79281e-25))
2((4.16519e-23 1.02787e-07 9.85032e-09) (-3.07026e-10 6.24582e-09 6.58448e-26))
2((7.38112e-24 7.23197e-09 -2.87093e-08) (0 0 0))
1((3.40291e-09 -7.36815e-09 -6.19351e-25))
1((-2.89721e-09 -2.47849e-09 1.94116e-24))
2((-3.43474e-25 -2.02346e-07 -5.74505e-10) (-3.96669e-09 -1.08783e-08 1.19054e-24))
1((0 0 0))
1((-8.86805e-09 -1.59991e-09 -2.79936e-24))
1((-1.18286e-23 -1.63835e-07 -4.07319e-09))
1((2.79907e-08 3.25449e-10 1.55449e-24))
1((4.70181e-09 1.39644e-08 1.07231e-24))
2((5.65938e-24 4.71919e-07 2.44384e-08) (0 0 0))
1((4.89125e-09 1.1112e-09 -3.37559e-25))
2((8.93248e-24 3.2606e-08 -3.28747e-08) (1.18546e-08 1.19909e-09 3.13041e-26))
1((-2.97794e-24 -2.39413e-07 1.41374e-08))
1((1.20643e-08 6.57318e-09 -1.3667e-24))
2((-3.38848e-24 -3.27361e-07 -9.30574e-09) (3.03909e-09 5.1539e-09 -2.54656e-25))
2((1.94615e-25 -2.04236e-07 7.97661e-09) (6.06984e-09 6.02316e-09 2.32573e-24))
1((6.58341e-09 -3.57733e-10 -1.73009e-24))
1((5.64986e-09 -9.36965e-09 0))
2((-2.17837e-24 7.23478e-08 5.78655e-09) (-1.18269e-09 1.75263e-09 6.90577e-25))
0()
2((3.89104e-24 1.45901e-07 8.08497e-09) (7.19281e-10 1.13713e-08 1.54004e-23))
2((9.01804e-10 7.77144e-09 3.8878e-24) (-2.95721e-25 -6.90539e-08 4.94727e-09))
1((1.06375e-23 -9.7828e-08 4.80615e-09))
1((3.9572e-09 8.52892e-10 -1.55789e-25))
2((3.32604e-24 -1.3249e-07 1.50763e-08) (1.95596e-10 4.67554e-11 2.54975e-26))
2((-2.60675e-25 -2.57566e-07 -1.13325e-08) (3.34126e-10 2.82378e-09 -2.88759e-26))
1((-9.9061e-09 1.68036e-09 -4.42798e-26))
1((3.31973e-24 1.37779e-07 7.51119e-09))
1((5.54777e-10 -7.14996e-09 -1.01473e-25))
1((-1.00425e-09 -1.07803e-08 1.67406e-24))
1((1.21516e-08 -4.77693e-09 -1.85283e-25))
1((3.87896e-10 -1.23046e-08 2.42117e-25))
1((-1.07955e-08 3.11719e-09 0))
1((-3.42777e-09 7.95582e-09 0))
1((2.73918e-09 8.54715e-10 0))
0()
0()
0()
1((-2.75562e-09 9.03429e-09 1.46702e-23))
0()
0()
1((1.972e-09 1.15175e-08 2.12171e-26))
1((-8.08616e-09 -3.50329e-09 2.86511e-25))
1((-1.65108e-09 -6.10465e-10 0))
0()
1((-4.42749e-09 -9.04143e-10 6.60062e-25))
1((3.9467e-09 3.75662e-09 3.71934e-25))
1((6.10275e-09 -4.62551e-10 0))
1((0 0 0))
1((4.64544e-10 5.59609e-10 0))
1((-5.61848e-09 -3.39515e-09 0))
0()
0()
0()
1((-4.79036e-09 -8.89262e-10 0))
0()
0()
0()
0()
0()
0()
1((-3.69199e-24 2.91035e-09 5.88302e-09))
0()
0()
0()
0()
0()
0()
2((-3.24476e-07 1.87337e-07 -1.70483e-08) (-2.64107e-09 -3.65759e-10 -5.91409e-25))
1((-1.20957e-09 -3.84574e-10 2.77267e-24))
1((1.11908e-08 -6.08029e-09 0))
1((-1.17806e-08 1.31535e-08 2.42736e-24))
1((0 0 0))
0()
0()
1((0 0 0))
1((7.28592e-10 7.2703e-10 0))
0()
1((0 0 0))
0()
1((-1.21885e-08 4.84359e-09 -1.59893e-24))
1((-2.9677e-09 1.7746e-09 -1.22931e-24))
1((1.7524e-08 -2.64614e-08 0))
1((2.08999e-08 -1.5629e-08 1.48885e-24))
1((-1.44437e-08 -2.04813e-08 -1.24554e-24))
1((-4.87419e-09 -9.45784e-09 -2.69077e-24))
0()
0()
0()
1((3.49328e-09 6.33982e-09 0))
1((-8.20724e-09 -1.14077e-09 7.81804e-25))
0()
0()
1((0 0 0))
1((6.15079e-09 5.69731e-09 3.99452e-25))
1((1.3167e-09 8.0036e-09 0))
1((1.26201e-09 4.9784e-09 -1.96168e-25))
1((6.25202e-09 2.38558e-10 -2.95985e-25))
1((0 0 0))
0()
1((1.1697e-08 1.96327e-09 8.76884e-25))
1((1.73685e-08 1.61143e-08 -7.52175e-24))
1((-4.44498e-09 5.31556e-09 0))
0()
1((-2.07931e-09 7.67474e-09 0))
1((0 0 0))
0()
1((0 0 0))
1((1.0338e-08 -1.06575e-08 0))
1((0 0 0))
1((6.04544e-09 -8.29518e-09 0))
1((5.25313e-09 -1.07877e-08 5.47716e-25))
0()
1((1.24519e-08 7.89667e-09 -2.3518e-24))
1((2.67191e-09 -1.21682e-08 6.47642e-25))
1((-1.36652e-09 -2.14594e-08 1.00917e-25))
1((-4.36371e-09 -4.21445e-09 0))
1((-1.17582e-09 6.28726e-09 -5.44715e-25))
1((-7.99881e-09 7.89958e-11 5.40378e-25))
1((3.74911e-09 1.67111e-09 0))
0()
1((2.47379e-09 2.30809e-09 5.27491e-25))
1((-4.92052e-09 3.21601e-09 0))
1((1.73215e-09 2.92052e-09 0))
1((-3.98927e-09 -5.44403e-09 -9.60893e-25))
0()
1((3.09184e-09 4.23768e-09 0))
1((3.86859e-10 3.90656e-09 0))
1((0 0 0))
1((0 0 0))
0()
0()
0()
1((0 0 0))
0()
0()
0()
0()
0()
1((-3.25537e-07 1.87949e-07 -2.09938e-08))
2((-1.04934e-07 6.05837e-08 -1.79824e-08) (-9.15456e-10 2.99767e-09 -1.85784e-25))
1((5.43621e-10 -9.54161e-09 7.47153e-26))
1((-2.67409e-09 -4.60296e-09 0))
1((2.30143e-08 1.05806e-08 -1.40752e-23))
1((8.01577e-09 -1.13591e-08 4.52281e-25))
1((-6.35681e-09 1.35503e-08 1.26667e-24))
1((-3.69569e-09 1.86473e-09 0))
1((1.92488e-09 -3.38014e-09 0))
1((1.27033e-08 9.88105e-09 0))
1((2.27903e-09 2.25711e-09 -1.07218e-24))
1((1.12157e-08 1.00051e-08 -1.34732e-24))
1((3.87946e-10 -1.04435e-09 -2.3664e-25))
1((-8.71744e-09 3.6407e-09 1.57211e-24))
0()
1((-1.2877e-08 5.84083e-10 -5.80547e-25))
1((1.20936e-08 -1.74479e-08 8.63807e-26))
1((7.82482e-09 -3.60697e-08 2.08713e-24))
1((0 0 0))
0()
1((0 0 0))
0()
0()
1((1.95288e-10 2.25359e-09 0))
1((3.00997e-09 -6.74049e-09 -4.55814e-25))
1((1.74541e-09 -4.96355e-10 -5.69974e-25))
1((-1.40516e-09 -9.31112e-10 0))
1((-7.88634e-10 -1.05309e-08 7.6419e-26))
1((0 0 0))
1((4.94908e-11 3.00284e-10 0))
0()
1((1.91889e-09 1.02287e-08 -4.94211e-25))
1((-1.33022e-08 -1.33823e-09 3.99927e-24))
1((-7.40375e-11 3.9555e-10 0))
1((1.1722e-09 -3.81695e-09 0))
1((-2.87811e-09 -3.07857e-09 -3.33273e-24))
1((-3.02402e-09 -3.04309e-09 0))
1((-1.69405e-09 -3.8714e-09 0))
1((0 0 0))
0()
1((1.7468e-10 -9.21601e-09 1.48059e-24))
1((-2.76779e-09 3.13876e-09 -8.40216e-25))
1((-2.69119e-09 -4.33778e-09 6.26236e-25))
1((-6.67369e-09 -4.27929e-09 0))
1((3.6779e-09 -8.94502e-09 -6.02552e-25))
1((-4.46161e-11 6.70942e-09 1.30478e-24))
0()
1((0 0 0))
0()
1((2.70872e-09 -7.29904e-09 8.51136e-25))
0()
0()
0()
1((3.25812e-10 4.17146e-10 6.4761e-26))
1((-7.06091e-10 4.49411e-09 -1.36084e-24))
1((-4.23409e-09 1.02036e-10 -8.28724e-27))
1((4.665e-11 -3.1695e-09 0))
1((-3.17336e-09 -2.72497e-09 0))
1((2.10078e-09 -8.19083e-09 -1.88062e-24))
0()
0()
0()
1((0 0 0))
1((2.60685e-09 -9.45779e-10 0))
0()
0()
0()
0()
0()
0()
0()
2((2.4319e-08 -1.40406e-08 2.31811e-09) (9.06931e-09 -5.65581e-09 -6.30508e-25))
1((7.58877e-11 3.76448e-10 0))
1((0 0 0))
1((-1.21491e-08 6.88704e-09 5.29298e-24))
1((-1.60868e-08 -6.60062e-09 0))
1((-6.20123e-09 -1.51692e-08 9.26865e-25))
1((9.40737e-10 7.25017e-10 0))
1((1.35043e-09 -6.95567e-09 0))
1((-9.2529e-11 -3.70461e-09 0))
1((5.22733e-09 -1.35384e-10 0))
1((0 0 0))
0()
1((1.35639e-09 7.68711e-09 0))
0()
1((0 0 0))
1((-1.1287e-08 -4.81798e-09 0))
1((-1.32454e-08 -3.04525e-09 -2.22319e-24))
1((-4.79742e-09 8.6782e-10 -5.39326e-26))
1((-2.64316e-08 6.07881e-09 0))
1((-2.80637e-12 7.53727e-10 0))
0()
1((-5.72497e-09 9.97263e-10 0))
0()
1((8.30738e-09 -7.41745e-09 -1.20145e-25))
1((5.65429e-09 9.64032e-09 -1.30205e-24))
1((4.29818e-09 -3.9018e-09 1.34945e-24))
1((-3.55766e-09 9.94052e-10 1.57639e-24))
0()
0()
0()
1((5.15095e-09 7.59325e-09 7.03798e-24))
1((-7.17879e-09 -3.5955e-09 0))
0()
1((3.81887e-09 -1.38925e-08 0))
1((5.56532e-09 1.3295e-08 2.43865e-24))
1((0 0 0))
1((1.04104e-08 9.87246e-09 -3.84973e-25))
1((1.98869e-09 -1.20592e-10 0))
0()
0()
1((0 0 0))
1((-7.87674e-10 -7.28086e-10 0))
1((8.41924e-10 -1.54222e-08 0))
0()
1((-9.83201e-09 1.58739e-09 0))
1((-6.16651e-10 -7.28923e-09 0))
1((2.1034e-09 -2.2377e-09 0))
1((-6.22019e-09 1.708e-09 0))
1((-5.17599e-10 -7.37246e-10 0))
1((-8.62066e-09 3.79611e-09 0))
1((-1.48902e-09 -7.83109e-10 0))
1((-6.52527e-09 -3.66405e-09 0))
1((0 0 0))
1((2.91544e-09 2.33266e-09 0))
0()
1((0 0 0))
1((-8.79136e-10 1.19055e-09 0))
0()
1((0 0 0))
1((0 0 0))
0()
0()
0()
0()
0()
0()
0()
0()
0()
0()
0()
1((1.16954e-07 -6.75236e-08 3.2703e-08))
1((3.73604e-09 -2.15701e-09 1.74534e-09))
1((5.62462e-11 -1.39631e-11 0))
1((4.62188e-10 5.43432e-11 3.56784e-26))
1((0 0 0))
0()
1((3.35066e-09 -1.16659e-08 9.62121e-25))
1((1.74244e-08 -1.71027e-09 -1.35127e-24))
1((-6.36011e-10 7.8832e-09 -3.3294e-24))
1((7.22719e-09 -3.96425e-09 0))
0()
1((-2.17155e-08 -2.31191e-08 -4.54078e-24))
1((6.98153e-09 2.34611e-09 0))
1((9.76679e-09 -1.82856e-08 -7.10875e-25))
1((-2.68246e-09 2.52832e-09 4.10221e-24))
1((1.32907e-09 4.24215e-09 0))
0()
1((2.06195e-08 -3.94332e-10 2.34871e-24))
1((-1.46779e-08 -1.1997e-08 3.81168e-24))
1((-1.16909e-08 1.15074e-08 3.96957e-24))
1((-1.73769e-08 7.95228e-09 -1.40567e-24))
0()
1((4.30407e-09 5.82067e-09 0))
0()
1((-7.65241e-09 -7.40075e-09 1.08455e-24))
1((5.91835e-09 3.45071e-09 -1.8542e-24))
1((-4.90513e-09 5.57075e-09 0))
1((-9.22646e-09 -1.35821e-08 -5.49038e-24))
1((1.81882e-09 -5.69636e-09 5.76511e-25))
1((-5.148e-09 -8.31749e-09 0))
1((5.11239e-09 1.85033e-09 0))
1((5.38526e-09 -2.05658e-09 0))
0()
1((1.5787e-09 1.65421e-11 0))
1((0 0 0))
1((2.58554e-10 -3.00705e-09 -5.55288e-27))
1((2.21054e-09 1.30819e-10 0))
1((-1.1958e-10 -7.84374e-09 4.46042e-25))
1((-1.11032e-08 -1.01968e-08 -1.19428e-25))
1((2.49174e-09 2.87711e-09 0))
1((-1.09732e-08 -6.66091e-10 0))
1((-8.24022e-10 -9.26179e-10 0))
1((1.95057e-09 1.60499e-10 0))
1((-5.55564e-10 -1.29069e-09 0))
1((2.30761e-09 -3.71248e-09 2.17311e-25))
1((-3.1896e-10 -1.04025e-08 0))
1((-1.50569e-09 9.73266e-10 0))
0()
1((-4.73803e-09 -5.80478e-09 1.97633e-25))
1((-1.43294e-09 -3.07261e-09 0))
0()
1((0 0 0))
1((0 0 0))
1((5.72322e-10 -6.44781e-10 0))
1((1.67202e-09 -1.63191e-09 0))
1((-1.82353e-09 -5.63566e-09 0))
1((0 0 0))
1((1.64367e-09 -1.18712e-09 0))
1((6.30796e-10 -3.30795e-09 0))
1((0 0 0))
1((2.51584e-09 5.1616e-09 0))
1((-1.07e-09 8.82952e-10 0))
1((-4.45334e-09 -1.74166e-09 0))
0()
0()
0()
0()
0()
0()
0()
0()
2((-5.98996e-08 3.45831e-08 9.98749e-09) (3.32151e-09 -1.49847e-09 -3.17426e-26))
2((2.25146e-07 -1.29988e-07 2.86993e-09) (-9.77203e-09 -7.4093e-09 -2.76273e-24))
1((-6.83621e-09 -1.24546e-08 1.3825e-24))
1((2.27884e-09 1.93192e-08 -2.4297e-24))
0()
0()
1((-1.55865e-10 6.84663e-10 0))
1((3.24321e-08 -1.35067e-08 1.32581e-24))
1((4.61161e-09 -1.81489e-08 -1.49449e-24))
1((-1.37353e-09 -7.18555e-09 -2.3277e-25))
0()
0()
1((-8.24639e-09 2.42697e-09 0))
1((-2.91677e-09 -1.21126e-10 0))
0()
1((5.88016e-11 -2.47345e-10 0))
1((9.4876e-09 -1.35771e-09 0))
1((2.06041e-08 5.50022e-10 -1.24847e-24))
0()
1((-3.13417e-10 -2.03191e-08 0))
1((-1.43839e-08 -1.40118e-08 -2.66866e-24))
1((-4.3675e-10 -4.36602e-09 1.3712e-23))
1((-2.37742e-08 4.88522e-09 1.99967e-24))
1((-1.01788e-08 8.2731e-09 0))
1((-9.01174e-09 -8.10437e-09 -2.42303e-24))
0()
1((1.51456e-08 -9.9113e-09 -4.97154e-24))
1((2.38768e-09 -7.01965e-10 -5.54056e-24))
1((8.33915e-10 2.66857e-09 0))
0()
1((2.49971e-09 -1.49874e-09 0))
0()
1((0 0 0))
1((-2.36832e-09 -3.73692e-09 0))
0()
0()
1((1.4369e-09 -1.68621e-09 0))
1((0 0 0))
1((-1.74212e-09 3.25509e-09 0))
1((1.21784e-08 -1.61105e-08 3.68929e-25))
0()
0()
1((-3.97192e-09 -4.74929e-09 0))
1((-3.04044e-09 -4.64954e-09 0))
1((-4.28842e-11 1.60673e-09 0))
1((3.32926e-09 5.57629e-09 -7.86516e-24))
0()
0()
0()
1((6.75545e-09 -6.64419e-09 -1.64684e-24))
1((9.78142e-09 -7.01771e-09 6.67593e-24))
0()
1((3.21907e-10 3.41239e-09 0))
1((0 0 0))
1((2.97556e-10 -3.54156e-09 -2.50114e-26))
0()
1((0 0 0))
1((0 0 0))
1((-4.0759e-09 -9.11886e-09 0))
1((0 0 0))
0()
0()
1((0 0 0))
1((0 0 0))
1((-4.0681e-09 1.16294e-09 0))
1((5.72415e-09 -7.27097e-09 0))
0()
0()
0()
0()
0()
2((1.76723e-07 -1.02031e-07 1.02601e-08) (-1.60804e-08 -1.96459e-08 -1.63296e-23))
1((-9.99348e-09 -7.8921e-09 -7.89305e-24))
1((-2.48667e-08 -1.64898e-08 1.17517e-24))
1((-6.47674e-09 -8.55131e-09 -2.54176e-24))
0()
1((9.58376e-09 -4.868e-10 8.33934e-24))
1((-8.48332e-09 -1.54566e-08 -1.76358e-25))
1((2.92627e-08 4.95192e-09 -8.78414e-24))
1((4.38173e-09 -8.28972e-09 -4.68366e-24))
1((3.50241e-08 1.1729e-08 1.81056e-24))
1((8.98003e-09 -3.87541e-09 2.41027e-24))
1((2.98512e-09 4.22338e-09 1.09238e-25))
0()
1((1.96787e-08 1.25728e-08 1.0389e-24))
1((1.86695e-08 -1.96409e-09 0))
1((-1.28181e-09 -1.29544e-08 -5.08169e-25))
1((-3.85697e-09 -7.33044e-09 1.7833e-25))
1((-6.07357e-09 6.61101e-09 -3.42628e-24))
1((0 0 0))
1((0 0 0))
1((0 0 0))
1((0 0 0))
1((5.43749e-10 -2.2075e-09 0))
1((1.67101e-08 -1.51219e-08 0))
1((2.11079e-08 -5.37149e-09 -8.66193e-24))
1((5.85029e-09 -1.92109e-09 -6.99983e-25))
0()
1((0 0 0))
0()
1((0 0 0))
0()
1((0 0 0))
0()
1((1.05124e-10 1.31936e-08 0))
1((0 0 0))
1((-1.85718e-09 9.98446e-10 0))
1((0 0 0))
1((0 0 0))
1((9.86609e-10 -1.28026e-09 0))
1((4.99502e-09 -3.63495e-09 9.09165e-25))
1((-2.9767e-10 -1.4232e-08 2.93969e-24))
1((-9.08407e-10 -4.1226e-09 0))
1((-6.2169e-09 4.10497e-09 0))
0()
1((-1.10841e-09 -2.5249e-09 0))
1((2.74584e-10 -8.10557e-10 0))
1((-1.19164e-09 -2.07622e-10 0))
1((-1.33827e-09 -9.64204e-10 0))
0()
1((0 0 0))
1((1.45584e-08 -4.40598e-09 -8.006e-25))
1((-6.90835e-09 6.60336e-09 1.18191e-24))
1((-7.68342e-09 -8.76528e-10 -5.96124e-24))
1((3.81649e-10 -2.89969e-10 0))
1((-4.87366e-10 2.00566e-09 0))
0()
1((-3.16887e-09 4.56606e-09 0))
1((0 0 0))
0()
0()
0()
0()
1((0 0 0))
1((1.88782e-09 -4.45627e-09 0))
0()
1((0 0 0))
0()
0()
0()
0()
0()
1((1.78781e-09 -9.88036e-09 0))
0()
1((-9.34127e-09 -7.62513e-09 -2.74344e-24))
1((4.96307e-09 -6.31082e-09 0))
1((5.61766e-11 -1.45949e-10 0))
1((7.08591e-09 1.37584e-09 2.58047e-24))
1((-9.39182e-09 -2.06527e-08 -1.58618e-23))
1((-1.21713e-09 -1.30748e-09 0))
1((6.5122e-09 1.79603e-09 2.09803e-25))
1((-1.30263e-08 -1.60041e-08 -1.18642e-23))
1((9.98558e-09 4.60538e-08 4.90565e-24))
1((1.69635e-08 -1.32791e-09 0))
1((1.84872e-08 4.69709e-09 -5.49513e-24))
0()
1((5.91014e-10 -1.49155e-09 0))
1((7.687e-10 -4.04143e-10 0))
1((-1.83432e-09 -4.03313e-09 0))
1((0 0 0))
1((-1.78462e-08 1.23757e-09 -3.91469e-24))
1((5.1491e-09 9.7347e-09 0))
0()
1((-1.53198e-08 -1.66646e-09 -1.15798e-24))
1((2.04594e-09 -1.42072e-09 0))
1((5.42363e-09 -8.18114e-09 -3.50666e-24))
1((1.59689e-08 4.61609e-09 1.02374e-23))
1((4.25424e-09 9.70342e-09 5.63739e-24))
1((-7.3281e-09 -1.04395e-08 6.90106e-25))
1((1.0241e-09 -1.82985e-09 0))
1((5.99525e-09 -4.29733e-09 0))
0()
0()
0()
0()
1((-1.48758e-08 -1.83956e-09 0))
1((-5.15397e-09 -7.46858e-09 0))
1((-2.08018e-09 8.67153e-10 0))
1((-1.1848e-08 3.75796e-09 0))
1((0 0 0))
1((-1.69148e-09 -4.55141e-10 0))
0()
1((0 0 0))
1((8.19091e-10 -9.32819e-09 2.62438e-25))
1((-5.36807e-09 -1.13585e-08 1.27445e-24))
0()
1((-4.36959e-10 5.28874e-10 -2.30272e-25))
1((5.70254e-09 2.97976e-09 -7.21862e-25))
1((7.70008e-10 3.62484e-11 0))
1((0 0 0))
1((-1.02697e-09 -1.66484e-09 0))
1((8.47756e-10 -9.58719e-10 1.47582e-25))
0()
1((-7.42329e-10 2.92655e-09 0))
1((0 0 0))
0()
1((4.21565e-10 -8.09875e-10 0))
1((1.26298e-09 6.93264e-10 0))
1((3.74809e-09 -1.17935e-09 0))
1((8.33091e-10 -1.05314e-09 0))
0()
0()
1((5.87519e-09 -6.16826e-09 0))
1((0 0 0))
1((0 0 0))
0()
0()
0()
0()
0()
0()
0()
0()
2((1.11238e-07 -6.42234e-08 -3.81937e-09) (-5.1224e-09 -1.21746e-08 2.05239e-24))
1((-2.92603e-09 -6.86271e-09 7.27731e-25))
1((3.56077e-10 -1.79158e-08 -3.91075e-24))
1((8.55504e-09 1.01658e-08 1.05652e-23))
1((2.16805e-09 -1.33718e-09 0))
1((-5.94853e-09 2.78207e-09 -7.86244e-26))
1((0 0 0))
1((0 0 0))
0()
1((4.55704e-09 -1.75767e-08 -1.95526e-23))
1((1.12604e-08 -4.64096e-09 0))
1((1.72145e-08 -5.71457e-09 0))
0()
1((-2.13773e-08 -2.78602e-09 0))
1((-6.74636e-09 7.48631e-10 -1.55603e-24))
1((-8.15299e-10 -5.37554e-10 0))
0()
1((-3.4955e-09 -2.32083e-09 -5.16139e-24))
1((-2.11044e-08 -1.08103e-08 0))
1((2.40509e-08 2.48406e-09 -3.57914e-24))
1((-1.5999e-08 -7.43176e-09 7.92414e-24))
1((0 0 0))
1((7.48659e-10 -1.09796e-09 -5.52578e-25))
1((-2.61608e-10 -6.73464e-10 0))
1((0 0 0))
0()
1((9.19967e-09 -1.20803e-08 0))
1((1.90534e-09 -3.97025e-09 0))
1((3.87731e-09 9.87639e-09 0))
1((-5.13932e-09 2.05926e-09 0))
1((2.85866e-08 1.18803e-09 -2.72132e-23))
1((0 0 0))
0()
1((-9.29805e-10 1.32915e-09 0))
1((-6.6834e-09 3.21909e-10 0))
0()
1((7.34414e-10 -2.46977e-09 0))
1((1.09742e-08 -9.96394e-09 -5.94507e-24))
1((7.75505e-09 -1.31498e-08 -3.22256e-25))
1((-8.62148e-09 7.27597e-10 -1.87746e-23))
1((1.45028e-09 -1.52478e-08 -1.48701e-23))
1((4.04921e-09 -2.14287e-09 0))
1((-2.1828e-09 -6.66196e-09 -1.07568e-23))
1((1.1219e-08 8.18102e-09 0))
1((8.81279e-09 1.33979e-08 1.58758e-24))
0()
1((-4.8487e-09 3.25418e-09 -2.06931e-24))
0()
0()
1((-4.12692e-09 1.70334e-09 2.47298e-24))
0()
0()
0()
0()
1((0 0 0))
1((5.72686e-09 1.91242e-09 0))
1((5.84296e-09 -1.47404e-09 0))
0()
1((0 0 0))
1((0 0 0))
0()
1((0 0 0))
1((0 0 0))
0()
0()
0()
0()
0()
0()
0()
2((2.80838e-07 -1.62142e-07 5.48477e-08) (1.66255e-08 9.80449e-09 0))
0()
1((-3.69904e-08 3.12654e-08 9.11966e-24))
1((1.0523e-10 8.51156e-10 0))
1((-5.15568e-10 6.63192e-10 0))
1((5.84647e-09 -4.08704e-09 7.27811e-25))
1((1.44748e-10 -6.02517e-11 0))
1((0 0 0))
1((2.6487e-08 -2.01368e-08 -1.68733e-25))
0()
1((3.94363e-09 -1.87929e-08 8.47721e-25))
1((7.21637e-09 -7.61731e-09 0))
0()
1((-7.9021e-09 -2.7678e-08 -3.55484e-24))
1((6.71471e-09 -1.9785e-08 -1.48607e-23))
1((-4.8305e-09 4.10182e-09 -6.80192e-24))
1((0 0 0))
1((-1.43527e-08 -4.52739e-09 0))
1((-4.78043e-09 1.75324e-08 3.75354e-24))
1((-1.0392e-08 1.01945e-08 -2.88855e-24))
1((-6.03227e-10 1.11987e-08 6.18266e-24))
1((-6.18157e-09 -1.09554e-09 0))
0()
1((-1.75223e-09 5.15413e-09 1.23215e-24))
1((-7.678e-10 7.48004e-10 0))
1((6.68402e-09 1.77558e-08 -4.71184e-24))
0()
1((-2.33815e-09 -1.39903e-08 0))
0()
1((0 0 0))
0()
0()
1((5.20919e-09 -6.70513e-10 0))
1((0 0 0))
0()
1((0 0 0))
1((0 0 0))
1((-4.86534e-10 3.5519e-09 0))
1((8.55963e-11 -2.91919e-10 0))
1((0 0 0))
1((-6.11676e-09 9.70636e-09 0))
1((0 0 0))
1((-2.30373e-09 -4.19152e-09 2.22686e-25))
1((-2.985e-09 -3.77584e-09 0))
1((3.0014e-09 -4.59668e-09 0))
1((-6.64897e-09 -8.28504e-09 -7.11654e-26))
1((-1.25942e-08 -6.48271e-09 -4.35036e-24))
1((-1.20637e-09 -1.93413e-09 0))
1((-8.12423e-09 1.7198e-09 7.93936e-24))
1((9.04634e-09 2.06335e-09 2.63219e-24))
1((-3.44749e-09 -8.15637e-10 0))
1((-5.79866e-10 1.3034e-09 0))
1((-9.55803e-10 2.328e-09 0))
1((4.59343e-09 -1.15132e-09 0))
0()
0()
0()
0()
0()
1((0 0 0))
1((4.77784e-10 1.1581e-08 0))
1((-3.70432e-09 3.39718e-09 0))
0()
0()
0()
0()
0()
0()
0()
1((-5.42196e-09 -2.5922e-10 0))
1((0 0 0))
1((3.01442e-10 -6.21195e-10 0))
1((-8.01082e-09 -6.25077e-09 0))
1((2.92525e-10 -1.00081e-08 -1.96053e-24))
0()
1((-5.25767e-09 -9.10813e-09 2.09451e-24))
1((-1.17091e-09 -5.70739e-09 7.0687e-24))
1((1.46454e-09 -1.33407e-10 -2.07772e-24))
1((-1.30784e-09 -8.4217e-09 0))
1((3.30085e-09 -9.44893e-10 0))
0()
1((1.94294e-09 -1.71488e-09 0))
1((1.72916e-10 -2.97254e-10 0))
0()
1((0 0 0))
0()
0()
1((7.21225e-09 1.66876e-09 0))
1((0 0 0))
1((0 0 0))
0()
0()
1((0 0 0))
0()
0()
0()
0()
1((0 0 0))
0()
1((4.06584e-09 -2.80013e-10 0))
0()
1((0 0 0))
1((4.79016e-09 -3.98054e-09 0))
1((-1.00149e-08 -1.31322e-08 0))
0()
1((1.05005e-09 -6.4784e-09 -4.15148e-24))
1((9.77182e-10 -9.36737e-10 6.44429e-25))
0()
1((-6.90976e-09 -3.39736e-09 0))
1((-4.72902e-09 -3.17059e-09 0))
1((0 0 0))
1((-2.40059e-09 4.16987e-09 0))
1((0 0 0))
1((-3.14992e-09 -1.35348e-09 0))
1((0 0 0))
0()
0()
1((0 0 0))
0()
0()
0()
0()
0()
0()
1((-7.03399e-10 2.30592e-09 0))
1((-7.09295e-09 -2.89227e-09 0))
1((-3.6033e-09 -1.97193e-09 0))
1((-1.9093e-09 2.23294e-09 -2.08312e-23))
1((0 0 0))
1((-2.44252e-10 -1.19211e-08 0))
1((-4.95527e-09 -2.33565e-10 4.84694e-25))
1((-2.72638e-09 7.33103e-09 0))
0()
1((-1.2353e-09 -8.48303e-10 0))
1((0 0 0))
1((-2.37817e-10 3.30243e-09 0))
1((0 0 0))
0()
0()
0()
0()
1((1.007e-08 -1.53948e-08 6.34601e-24))
1((-9.2287e-10 -3.34955e-10 0))
1((-2.25012e-08 -1.11834e-08 6.75199e-24))
2((-3.31154e-08 1.91192e-08 1.79583e-10) (-2.32782e-09 -4.30058e-10 -2.02259e-24))
1((0 0 0))
0()
1((-2.62506e-09 -5.10815e-09 -3.51372e-25))
1((-1.88698e-08 -2.72411e-09 -3.45239e-24))
1((0 0 0))
1((7.02731e-10 -6.05962e-09 9.04948e-25))
2((2.92141e-08 -1.68668e-08 -3.60935e-09) (-2.50216e-09 6.65046e-10 6.87631e-24))
1((-3.63417e-11 -6.07761e-09 0))
1((0 0 0))
1((-4.62182e-09 -2.31405e-08 0))
0()
1((4.38992e-10 -1.30391e-08 -9.05535e-25))
1((-6.46054e-09 -4.49305e-09 -9.90199e-25))
1((-1.1667e-08 -2.34724e-09 -3.98752e-25))
1((-1.7028e-08 -1.25412e-08 5.92608e-24))
1((-4.18836e-09 4.13281e-09 5.23058e-24))
1((-3.08261e-10 -1.21687e-08 0))
1((-1.37028e-08 -5.74775e-09 4.78431e-26))
1((1.07775e-08 -1.91845e-09 0))
1((2.30012e-09 -1.10436e-09 -2.4903e-24))
1((-3.92286e-09 -1.7296e-08 -1.38302e-23))
1((-6.32601e-09 -1.13964e-09 0))
1((1.4242e-09 -4.55054e-10 0))
0()
1((4.88602e-09 4.80364e-09 0))
1((2.33732e-10 -2.81927e-09 0))
0()
0()
1((2.16998e-09 9.47098e-10 0))
1((-6.18218e-09 -6.97987e-09 0))
1((2.46511e-09 -8.84158e-11 0))
1((-5.05754e-10 2.08636e-09 0))
1((-5.48498e-09 -1.24063e-08 -3.48392e-24))
1((-1.02734e-09 -6.7521e-09 0))
1((6.74546e-10 1.54012e-09 0))
1((-4.84955e-09 -5.53839e-09 2.5488e-24))
1((6.15445e-09 3.64907e-09 4.64753e-24))
0()
1((-1.93298e-09 3.91851e-09 -5.04678e-24))
1((7.29233e-10 9.88733e-10 0))
0()
1((-3.07134e-09 2.43576e-09 -1.42401e-24))
1((0 0 0))
1((2.05642e-09 -2.27284e-09 0))
1((1.57978e-09 5.51551e-09 0))
1((-1.06729e-08 -1.59943e-08 1.83404e-24))
1((0 0 0))
1((-1.3668e-09 -3.3228e-11 0))
1((7.11662e-11 -7.55845e-09 0))
1((-1.25282e-08 -1.1301e-08 1.41009e-23))
1((-1.60115e-08 -7.13515e-09 0))
1((-1.87894e-09 -1.7442e-08 -1.22626e-24))
1((-1.4146e-10 -1.54387e-09 0))
1((-2.67386e-09 -1.13805e-08 0))
0()
1((-5.1664e-10 -2.48899e-10 0))
1((-9.48678e-09 -9.46838e-09 -4.75918e-24))
1((1.24143e-09 -5.96074e-10 0))
1((8.5954e-09 -3.13492e-09 0))
1((3.95173e-11 -1.6174e-09 0))
0()
1((6.71759e-10 -8.18849e-09 1.94871e-25))
1((6.66923e-11 -2.10321e-10 0))
1((2.48814e-10 3.05686e-10 2.95923e-24))
0()
1((6.96009e-09 -1.33774e-08 -7.45995e-25))
1((0 0 0))
0()
1((-6.02472e-11 -2.74779e-09 0))
1((2.2631e-10 2.46376e-09 3.4318e-24))
1((8.51134e-10 7.66867e-10 0))
1((2.29009e-09 7.75532e-09 -1.02228e-23))
1((2.02315e-08 -9.56952e-09 3.80492e-24))
1((0 0 0))
0()
1((9.01371e-10 -2.33682e-08 -5.01485e-23))
0()
1((-7.80826e-09 -5.77043e-09 0))
1((-9.47654e-09 -8.67234e-10 2.25982e-24))
1((-2.10184e-08 9.23885e-09 7.60924e-24))
1((-5.77144e-09 8.01034e-09 -9.08601e-25))
1((-4.24524e-09 -3.85128e-09 0))
1((9.13036e-10 2.31984e-09 0))
1((0 0 0))
1((-1.95786e-08 7.93948e-10 4.34193e-24))
1((0 0 0))
1((2.05316e-09 1.99335e-08 1.12098e-24))
1((-2.03415e-10 -3.93978e-09 -1.22231e-23))
1((2.79056e-09 7.22566e-09 -8.93378e-25))
1((0 0 0))
1((6.17738e-10 1.00264e-10 -9.7928e-25))
0()
1((-3.25649e-09 -1.99446e-09 0))
1((0 0 0))
1((5.51629e-10 2.55211e-09 -2.40868e-24))
1((4.66073e-10 5.29568e-10 1.25989e-24))
1((-3.26716e-10 2.85863e-09 0))
1((2.6902e-09 8.53078e-09 0))
1((-7.55148e-09 3.20301e-09 -5.65136e-24))
0()
1((0 0 0))
0()
1((1.04032e-08 7.34346e-09 -2.83291e-24))
1((-1.30571e-09 -1.92853e-09 2.80127e-25))
1((-2.00939e-09 -1.28407e-08 -1.76616e-24))
1((-3.53076e-09 1.1273e-09 0))
0()
1((-1.70118e-09 -1.37476e-08 0))
1((-3.10177e-10 -1.1346e-09 0))
1((-1.45234e-09 -1.69006e-09 0))
0()
1((-1.53118e-08 5.32264e-09 1.72795e-24))
1((-1.77422e-08 3.69661e-09 3.69858e-24))
1((4.61135e-09 -5.67472e-09 -2.18483e-24))
1((-8.27156e-09 -5.37087e-10 2.40347e-24))
1((-1.38851e-08 8.81681e-09 0))
1((-1.38133e-09 8.76113e-09 1.40509e-25))
0()
1((-1.10485e-08 -2.88283e-08 -1.04625e-24))
1((1.29928e-08 -1.72131e-08 -1.51093e-25))
1((-2.92811e-09 -5.1014e-09 0))
0()
1((-6.98744e-09 -6.08179e-10 -1.10184e-24))
1((-1.33726e-08 -1.01842e-08 -3.92233e-24))
1((1.23174e-09 -2.94362e-09 -6.17868e-25))
0()
1((-5.26868e-10 4.64468e-09 1.54134e-24))
1((-1.40296e-09 -5.20135e-09 0))
0()
1((-2.00328e-09 -6.13102e-09 -2.10685e-24))
1((6.7771e-09 -1.75047e-08 -2.17422e-24))
1((-1.33969e-09 -1.56979e-08 -6.99855e-24))
1((-7.55637e-11 -1.57147e-09 0))
1((-2.02733e-09 -1.58516e-09 0))
1((-2.17145e-09 -9.35956e-10 0))
1((0 0 0))
0()
1((-5.27172e-09 -4.16082e-09 1.53284e-24))
1((8.16234e-09 -5.86006e-09 0))
1((1.46723e-08 -3.16209e-09 4.14119e-24))
1((-5.1251e-09 9.08619e-09 0))
1((1.0544e-10 5.42098e-10 0))
1((-1.86528e-09 2.73825e-10 0))
1((-7.95365e-10 -1.03516e-09 0))
0()
1((0 0 0))
1((-1.6112e-09 -2.84663e-09 0))
0()
1((5.64184e-09 3.40704e-09 -4.05349e-24))
0()
0()
0()
0()
0()
0()
0()
0()
0()
0()
1((-9.42394e-08 5.44091e-08 6.48714e-09))
0()
0()
1((4.67947e-09 4.26011e-10 -4.87278e-24))
1((-6.16123e-09 -1.42774e-08 0))
0()
1((1.28838e-09 -2.92809e-09 5.01681e-25))
0()
1((1.42064e-08 6.33118e-10 8.5171e-25))
0()
1((3.52397e-09 -9.45659e-11 0))
1((-2.06806e-09 -8.37695e-09 3.58195e-24))
0()
1((9.16252e-10 -2.74984e-09 -1.91779e-24))
1((-1.19655e-09 -2.93188e-09 0))
0()
1((-4.82032e-09 -5.81026e-10 0))
1((4.70018e-09 -2.01163e-09 3.32544e-25))
1((-1.39656e-09 -3.86552e-09 0))
1((-3.82591e-09 -2.45872e-09 7.94702e-25))
1((1.4164e-09 4.88106e-10 0))
1((-1.07987e-09 -1.5616e-09 -5.93638e-25))
1((5.07208e-10 1.33101e-09 -1.24047e-24))
1((-1.11798e-08 -2.69576e-08 -1.64379e-24))
1((-7.53187e-10 3.72193e-09 1.4705e-24))
0()
1((-3.67789e-10 -1.6923e-09 0))
0()
1((-1.35756e-09 1.84443e-08 -1.03548e-24))
1((9.31764e-10 5.68092e-09 7.91265e-25))
0()
1((-3.90342e-09 -1.03442e-08 0))
1((-9.04605e-09 -1.17024e-09 -3.16666e-24))
1((2.25787e-09 -3.50552e-09 1.21645e-24))
1((-3.00599e-09 4.14876e-09 0))
1((8.87832e-10 -1.32691e-09 0))
1((0 0 0))
1((-5.38825e-10 -7.8121e-09 0))
1((-9.4794e-10 -2.52708e-09 0))
1((-1.80626e-10 6.46785e-09 2.64068e-24))
1((1.69632e-09 4.56278e-10 0))
0()
0()
1((6.18205e-10 1.1058e-09 0))
0()
1((-7.56837e-10 -6.68696e-09 0))
1((1.11152e-09 3.9294e-09 0))
0()
1((0 0 0))
0()
1((7.75263e-10 -8.3472e-09 0))
1((1.6096e-09 5.88918e-09 0))
1((0 0 0))
1((4.02344e-10 1.47055e-09 0))
0()
1((-6.09273e-10 -5.51465e-10 0))
1((-8.65194e-11 -4.45913e-09 0))
0()
1((0 0 0))
1((6.41387e-09 -4.58989e-09 0))
1((5.15982e-09 5.32267e-09 0))
1((0 0 0))
1((0 0 0))
0()
0()
0()
0()
0()
0()
0()
0()
2((2.47116e-07 -1.42672e-07 -1.35015e-08) (1.08422e-09 -1.26314e-08 -3.12606e-25))
1((-2.38775e-08 3.00591e-10 0))
1((5.68302e-09 -6.70873e-09 -1.009e-24))
1((-2.78888e-08 -6.53995e-09 -2.6656e-25))
1((0 0 0))
0()
1((-8.65922e-10 -2.25663e-09 0))
1((-1.04277e-08 -2.22598e-09 4.72691e-26))
1((6.28618e-09 2.52203e-09 -6.53735e-25))
1((1.24406e-09 -1.0814e-08 0))
0()
1((-4.69557e-09 -1.3736e-08 3.90464e-25))
1((-7.15402e-09 -1.30532e-08 -3.66965e-24))
1((-1.47413e-09 1.28279e-09 -1.72146e-25))
1((2.29547e-09 -2.77732e-09 5.16526e-24))
1((0 0 0))
0()
1((-6.1065e-09 3.27234e-10 6.95162e-25))
1((-4.4025e-09 -2.17038e-08 1.94427e-23))
0()
1((-8.66819e-10 -1.1245e-09 0))
1((-8.18694e-11 -2.87284e-10 0))
0()
1((3.59547e-10 1.16302e-09 1.6704e-26))
1((-5.47319e-09 -1.09174e-08 -2.98564e-25))
1((-3.86762e-10 -5.76681e-09 4.30854e-25))
1((-5.33383e-09 -8.43022e-09 0))
0()
0()
1((4.34178e-09 3.49348e-09 -1.56052e-24))
1((-3.89299e-09 -5.63854e-10 -1.33935e-23))
1((1.05298e-08 5.44165e-09 3.34678e-24))
1((-6.16198e-09 -3.91887e-09 0))
1((-9.83678e-09 1.16014e-08 3.75166e-24))
1((-4.65203e-09 -3.69319e-09 0))
0()
1((-3.08954e-09 7.25291e-10 0))
0()
1((-5.45639e-09 -1.89246e-09 0))
1((-1.07839e-09 -6.08787e-09 9.98021e-26))
1((-2.13701e-09 -2.48979e-09 -9.86679e-25))
1((0 0 0))
1((0 0 0))
0()
1((0 0 0))
1((0 0 0))
0()
1((5.65159e-09 1.2663e-08 0))
1((-4.98747e-10 3.9222e-09 0))
1((-6.37611e-10 1.04993e-09 -6.45959e-24))
0()
1((1.07435e-08 -3.19886e-09 -6.18503e-24))
0()
0()
0()
1((-6.28575e-09 -3.14366e-09 0))
0()
1((0 0 0))
1((0 0 0))
0()
0()
0()
0()
0()
0()
0()
0()
0()
0()
0()
0()
2((-2.47251e-09 -2.09832e-09 1.16162e-23) (-3.0086e-08 1.73701e-08 -9.94798e-09))
1((-1.95534e-08 -2.87882e-08 6.17904e-25))
1((-8.71993e-09 -2.66172e-08 0))
1((-1.45874e-09 -1.93609e-08 -1.42153e-23))
1((-3.10086e-08 -1.6417e-09 -2.73216e-23))
1((3.2429e-09 5.43627e-09 1.21821e-24))
1((2.97584e-09 -1.99903e-09 0))
1((4.04552e-09 3.13981e-09 1.06019e-23))
1((1.57947e-08 -6.74514e-09 2.56243e-24))
1((-1.1832e-08 -1.07808e-08 -7.50915e-25))
1((2.27424e-09 -1.27329e-08 -1.92637e-24))
1((-4.51392e-09 7.72008e-10 1.6093e-24))
0()
1((-5.61598e-09 -1.56558e-08 1.04824e-24))
1((3.33945e-09 -1.43447e-08 1.95812e-24))
1((0 0 0))
1((0 0 0))
1((7.17763e-10 3.18366e-09 0))
1((3.02415e-09 1.67749e-08 0))
0()
1((3.12771e-09 -2.19355e-09 -1.11465e-25))
1((-4.43252e-11 -5.60138e-10 0))
1((7.20669e-11 -2.26311e-09 0))
0()
1((6.24462e-10 1.04045e-09 2.19073e-24))
1((-3.11511e-09 8.68111e-10 -9.56603e-24))
1((-3.50538e-09 1.46067e-09 0))
1((-1.54299e-09 -3.11865e-09 0))
1((2.76629e-08 8.73089e-09 4.22444e-24))
1((3.77736e-09 -1.22153e-10 -4.93762e-24))
1((-1.07489e-08 1.02078e-09 1.0981e-24))
1((-3.31612e-09 -1.95723e-10 0))
0()
0()
1((-1.09487e-09 -7.45569e-10 0))
1((-8.47824e-09 -2.27985e-09 0))
1((1.80812e-09 3.25986e-09 0))
1((-1.38817e-10 -3.09241e-11 0))
0()
1((4.51086e-09 -6.39708e-09 -1.11769e-24))
0()
1((-1.30529e-09 -2.10824e-09 -1.10783e-24))
1((4.55466e-10 1.33629e-10 0))
1((-3.85631e-10 -5.51251e-10 0))
1((-3.89641e-10 -1.75964e-09 -3.63732e-25))
0()
1((2.3109e-09 -1.31021e-09 0))
1((6.23077e-09 7.29157e-10 -3.76719e-24))
1((-2.81968e-10 7.89481e-11 0))
1((-4.21281e-10 -1.69982e-09 0))
1((4.52849e-09 -7.35645e-09 -3.6165e-24))
1((-1.24873e-09 -5.01941e-09 5.13687e-25))
0()
1((4.52386e-09 2.0633e-09 -1.70111e-24))
1((-1.75636e-09 -5.17271e-09 -3.15276e-24))
1((-1.92824e-09 2.1085e-09 0))
0()
0()
0()
0()
0()
0()
0()
1((0 0 0))
0()
1((0 0 0))
0()
0()
0()
0()
0()
1((-1.83207e-07 -7.6522e-24 1.09675e-08))
0()
1((3.22083e-10 4.27116e-09 5.6324e-24))
1((-1.66253e-08 -2.38925e-08 0))
1((-3.37444e-08 -1.51916e-08 1.14392e-23))
0()
1((2.32059e-09 -3.97159e-09 0))
1((0 0 0))
1((6.74298e-09 -3.74147e-09 -8.26111e-24))
1((-3.61827e-09 1.26001e-08 1.59569e-23))
1((-1.21752e-09 8.98886e-10 0))
0()
1((1.42636e-09 -7.16014e-09 2.66157e-25))
1((-3.16627e-10 9.95871e-10 -4.33726e-24))
1((2.09268e-08 5.72346e-09 9.03783e-24))
0()
1((0 0 0))
1((-2.02475e-09 -2.33428e-09 0))
1((-2.39921e-10 -1.16859e-09 -2.26055e-25))
0()
1((0 0 0))
1((2.10511e-09 -3.07917e-10 3.87357e-24))
1((-2.64799e-10 4.91761e-09 2.8669e-25))
1((0 0 0))
1((-1.65356e-09 -5.11025e-10 0))
1((1.37337e-08 -2.02619e-09 -2.15654e-26))
0()
1((-5.61069e-09 -6.06542e-09 0))
1((0 0 0))
1((-6.2297e-09 -9.48634e-09 0))
1((2.20359e-10 -8.12215e-11 0))
1((6.55485e-09 -6.8065e-09 -2.13286e-24))
1((1.7283e-09 -2.39072e-10 0))
1((0 0 0))
1((-3.9801e-12 5.93107e-10 0))
0()
1((-3.38683e-09 -5.61041e-09 0))
0()
1((-3.99467e-10 -2.33009e-09 0))
1((2.75901e-09 -7.64648e-09 -7.56134e-25))
1((-4.48173e-09 -6.71816e-10 0))
1((-1.10478e-09 3.35038e-09 4.09227e-25))
0()
1((1.85105e-09 -7.77425e-09 0))
0()
1((3.0415e-09 -5.4505e-09 -1.09983e-24))
1((1.76639e-09 -6.95678e-10 0))
1((-8.81225e-09 -1.01855e-09 -8.34661e-25))
1((6.1144e-10 -8.3915e-10 3.48172e-25))
1((1.1449e-09 4.30947e-10 -1.17563e-24))
1((9.82029e-11 4.22387e-10 0))
1((-2.62811e-09 1.79758e-09 0))
1((-2.71577e-10 2.54373e-10 0))
1((4.60571e-10 9.77967e-11 0))
1((-3.1752e-09 3.35213e-09 7.73467e-25))
1((-7.29572e-10 1.81567e-09 0))
1((-2.71606e-10 2.26215e-09 0))
1((4.58289e-10 1.30459e-09 0))
1((-9.59849e-11 1.09012e-09 0))
0()
1((0 0 0))
0()
1((0 0 0))
0()
0()
0()
0()
0()
0()
0()
0()
1((3.37551e-10 1.06048e-08 -2.76825e-24))
0()
1((-1.04885e-08 -3.46624e-09 0))
1((2.39823e-09 -3.88951e-09 0))
1((8.02929e-09 2.29782e-08 -6.03702e-25))
0()
1((1.24705e-08 -4.08352e-09 0))
1((0 0 0))
0()
1((2.66711e-09 4.01397e-09 1.61472e-23))
0()
1((-5.0287e-09 -1.17797e-09 -3.45846e-24))
1((1.65752e-08 1.75978e-09 -7.28965e-24))
1((1.33478e-08 4.42344e-09 0))
1((-1.14885e-10 -4.31161e-09 0))
0()
1((9.71473e-09 -1.27705e-08 -1.47004e-24))
1((-8.09682e-10 -2.59278e-09 -1.3556e-24))
1((4.09166e-09 1.92309e-08 1.63088e-23))
0()
1((5.44983e-10 -1.13916e-09 0))
1((-7.49022e-11 -2.63595e-09 0))
1((-1.35259e-09 -7.58312e-09 7.72563e-25))
1((-1.23229e-09 3.69945e-09 0))
1((-3.13671e-09 7.37523e-10 0))
1((2.30686e-08 -3.83207e-09 5.72121e-24))
0()
1((9.29696e-10 -2.0552e-09 -1.8945e-24))
1((-5.08798e-09 -1.27847e-08 -4.59168e-24))
0()
0()
0()
1((-1.05804e-09 -1.28997e-09 0))
1((-1.47914e-09 1.7758e-10 0))
1((-1.9316e-09 -4.76895e-10 2.98268e-24))
1((1.95319e-09 1.59785e-09 3.62512e-24))
0()
1((1.49557e-08 -2.42052e-09 7.13464e-24))
1((1.71542e-08 1.17227e-08 -6.27075e-24))
1((1.97593e-08 1.48511e-09 -1.20585e-24))
1((1.35945e-08 6.30666e-10 1.04196e-24))
1((1.45107e-09 -2.79376e-09 0))
1((6.01292e-10 -4.08522e-09 0))
1((-5.6535e-10 -4.10939e-10 0))
1((-6.97363e-11 -9.30373e-10 0))
1((0 0 0))
0()
1((9.09999e-09 -4.67275e-09 -2.55145e-24))
1((-7.57851e-10 2.13504e-09 0))
1((3.20865e-09 1.34968e-09 6.88931e-25))
0()
1((-9.85301e-09 -2.54825e-09 1.92116e-24))
1((0 0 0))
1((-3.94597e-10 4.17234e-10 0))
1((-3.44713e-09 2.14394e-09 0))
1((-3.20426e-09 2.44118e-09 0))
1((-8.42738e-10 1.46104e-10 0))
1((4.91656e-09 1.069e-09 0))
0()
0()
0()
1((0 0 0))
0()
1((0 0 0))
0()
1((-3.03901e-09 -2.88073e-09 0))
0()
0()
0()
0()
0()
1((7.79695e-09 -6.91404e-09 0))
1((0 0 0))
0()
1((2.24872e-09 -2.33917e-09 0))
1((-2.15746e-09 -2.23436e-08 1.66955e-24))
1((-4.78975e-09 6.25469e-09 0))
1((9.76641e-09 3.20775e-09 -3.3085e-25))
1((1.286e-08 2.22768e-10 0))
1((-1.37309e-08 1.43988e-08 3.12036e-23))
1((8.42587e-09 2.87865e-08 -9.83787e-24))
1((-1.79022e-08 4.93303e-09 1.32894e-24))
1((-1.1619e-09 -1.18317e-08 7.26237e-24))
0()
1((0 0 0))
1((-5.3333e-09 -2.15669e-08 -6.33162e-24))
1((-7.40396e-09 -2.62719e-09 -6.45778e-25))
1((4.95779e-09 -4.37455e-09 2.25731e-24))
1((1.78844e-08 4.8222e-09 -1.13897e-23))
1((-1.28513e-08 1.99543e-11 4.78184e-23))
1((-5.86391e-09 3.18601e-09 -1.06466e-23))
0()
1((-1.06658e-09 1.78175e-10 0))
1((-1.05439e-09 -1.32731e-08 -3.2671e-25))
1((8.2967e-10 -6.75723e-10 0))
1((3.42508e-09 -1.73503e-09 -1.45384e-25))
1((1.84247e-08 -1.15741e-08 0))
0()
1((2.83483e-09 -5.86629e-10 4.29929e-25))
1((1.19215e-09 -6.01111e-09 8.07964e-24))
0()
0()
1((-2.27566e-10 -7.05197e-10 0))
1((-2.7219e-09 2.83265e-11 0))
1((-1.64156e-09 -6.44835e-10 0))
1((3.52924e-09 -2.92193e-09 -2.78188e-24))
1((0 0 0))
1((0 0 0))
0()
1((-1.38599e-09 -2.08031e-08 1.35698e-23))
1((-1.35614e-09 3.29895e-09 0))
1((0 0 0))
1((4.27778e-10 -1.10928e-09 0))
1((-1.84407e-09 -5.90286e-09 0))
1((-3.8109e-09 -7.38073e-09 -1.74865e-24))
1((1.79638e-09 -3.96292e-09 -1.23318e-24))
1((-4.76404e-09 -5.43342e-09 2.23053e-24))
0()
1((-1.14493e-08 4.65732e-09 -4.00566e-24))
1((0 0 0))
1((-2.54763e-10 -5.54873e-10 0))
1((0 0 0))
0()
0()
0()
1((2.0619e-09 -2.0113e-09 0))
1((-1.2675e-08 -2.93648e-09 -1.25838e-23))
0()
1((1.90913e-09 -3.4589e-09 0))
0()
0()
0()
1((3.17877e-09 3.32409e-09 0))
1((0 0 0))
1((0 0 0))
0()
1((-4.21576e-09 7.57601e-09 0))
1((0 0 0))
0()
0()
0()
0()
2((3.84154e-07 5.19988e-24 -2.39829e-08) (-3.81766e-09 -1.73789e-09 4.62168e-24))
1((7.00771e-09 -5.10599e-09 1.04848e-24))
1((0 0 0))
1((-1.50856e-09 -5.34898e-09 0))
1((4.34451e-09 2.03394e-08 1.13503e-23))
1((1.81287e-08 -1.25527e-08 0))
1((-2.60501e-09 -9.14108e-09 0))
1((1.09188e-08 5.65739e-09 0))
1((1.4161e-08 8.54226e-09 0))
1((-6.00421e-10 1.95328e-09 0))
1((0 0 0))
1((-1.07789e-09 -8.90174e-09 0))
1((-8.40433e-09 3.4689e-09 -5.36946e-24))
0()
1((-2.09945e-09 1.59e-09 4.93516e-24))
1((6.78503e-10 -2.21942e-10 0))
1((2.00086e-09 -3.20366e-09 -2.2804e-24))
1((-2.75281e-09 1.09735e-09 3.23657e-25))
1((1.68061e-08 -1.99752e-09 5.46559e-25))
1((-1.33141e-09 -7.64995e-10 0))
1((-2.27787e-10 -1.19506e-10 0))
1((3.31784e-09 -3.93873e-09 2.33398e-24))
1((9.84584e-10 5.98078e-09 -1.81776e-24))
1((-7.21415e-10 -3.70018e-10 0))
0()
1((-3.29735e-09 -2.13147e-08 7.22795e-25))
1((-3.2612e-09 -1.89318e-08 2.6597e-24))
1((-2.47793e-09 -1.72133e-09 -4.84462e-24))
1((1.28288e-08 -1.25656e-08 1.75072e-24))
1((-1.22195e-09 5.92154e-10 0))
1((0 0 0))
1((-4.22141e-09 -4.26834e-10 -7.14733e-25))
1((-1.74327e-09 -1.13652e-11 0))
0()
1((0 0 0))
1((9.73095e-10 -3.75633e-10 0))
0()
0()
1((-3.21716e-09 -1.97439e-08 1.82012e-23))
0()
0()
0()
1((2.31681e-09 -9.3557e-10 1.28819e-24))
1((1.91713e-09 2.19114e-09 2.08239e-24))
1((-5.63029e-09 1.43836e-10 0))
1((-4.25519e-10 1.61554e-09 -1.4651e-24))
0()
1((-2.4602e-09 -3.84655e-09 0))
1((1.83602e-09 -3.07814e-10 0))
1((-1.88572e-09 1.47001e-09 0))
1((-1.14833e-09 2.31951e-09 -2.42677e-24))
1((-1.35167e-09 -5.70528e-09 0))
1((3.99197e-10 -3.58353e-09 0))
0()
0()
1((-2.39272e-09 3.19689e-10 0))
1((-1.4688e-09 -3.3484e-09 0))
1((7.8875e-10 4.10815e-09 0))
1((-3.13366e-09 1.82416e-09 0))
1((0 0 0))
0()
1((4.4423e-09 -4.87319e-09 0))
0()
1((0 0 0))
1((-1.68439e-10 7.33869e-10 0))
0()
0()
1((0 0 0))
0()
0()
0()
1((-1.14374e-09 9.46169e-09 0))
1((0 0 0))
1((0 0 0))
1((1.10361e-08 -8.01872e-09 5.45952e-24))
1((6.3021e-11 1.46825e-09 0))
1((0 0 0))
1((-1.61423e-09 -1.61968e-08 6.77056e-24))
0()
1((1.5922e-09 -4.5157e-09 0))
1((3.82003e-09 7.45142e-09 0))
1((-4.20986e-09 1.35738e-08 0))
1((0 0 0))
1((0 0 0))
1((-5.43897e-10 -2.23845e-09 0))
1((2.3052e-09 -3.1768e-08 3.62342e-24))
1((-4.24308e-09 -7.74476e-09 0))
1((3.2072e-10 -5.5991e-10 0))
0()
1((1.70712e-08 -1.52451e-08 5.09689e-24))
1((-2.00477e-09 1.15759e-09 1.69669e-25))
1((-2.68812e-10 -7.50637e-11 0))
1((-1.77133e-09 -4.62616e-10 -5.2013e-25))
1((-3.3321e-09 -3.71939e-08 2.33191e-23))
1((-2.02769e-08 8.82548e-10 1.11509e-24))
1((-4.68101e-09 2.01786e-08 4.59771e-24))
1((0 0 0))
1((-1.3097e-08 -7.40357e-09 6.72207e-24))
0()
1((4.05567e-10 -9.44049e-10 0))
1((-7.21379e-09 -3.69384e-09 5.37275e-25))
1((2.22988e-09 -5.19637e-09 0))
1((-3.62673e-09 -2.07404e-09 1.29066e-24))
1((-4.10181e-09 1.33961e-09 0))
1((-3.6695e-10 -4.31186e-09 0))
1((-9.31347e-11 -6.5584e-11 -1.56773e-25))
1((6.89323e-09 -1.19764e-08 -2.32297e-24))
1((4.18045e-09 -1.14308e-08 0))
1((2.98901e-09 -4.46767e-09 2.8676e-24))
1((-4.14414e-09 -9.94353e-09 0))
1((1.60527e-08 -4.46757e-09 0))
1((-9.63989e-09 -7.19983e-09 2.15103e-23))
1((1.94001e-10 -1.7613e-10 0))
1((5.97037e-11 -2.39997e-10 0))
1((1.31541e-11 -2.15668e-10 0))
1((0 0 0))
1((1.57735e-09 -4.81898e-09 0))
1((2.73537e-10 -5.21244e-10 0))
1((7.44057e-10 -5.22795e-09 0))
1((0 0 0))
1((0 0 0))
0()
1((-7.30771e-09 1.04384e-08 5.28308e-25))
1((0 0 0))
0()
0()
1((-1.07391e-08 1.75623e-09 0))
1((-9.14142e-09 8.07878e-09 -3.23566e-24))
1((0 0 0))
0()
1((-2.86611e-09 1.48118e-09 0))
0()
1((1.53632e-09 -1.40679e-09 0))
1((-4.34898e-09 -2.49038e-09 0))
1((-2.52312e-09 -1.54278e-09 0))
0()
1((0 0 0))
1((3.13958e-10 -4.42602e-09 0))
1((0 0 0))
1((-1.0922e-09 2.23475e-09 0))
0()
0()
0()
1((0 0 0))
1((0 0 0))
1((-1.71514e-09 -6.89316e-09 0))
1((9.5609e-10 -6.88983e-09 0))
0()
1((3.57748e-09 -3.08722e-08 2.19844e-24))
1((0 0 0))
1((0 0 0))
0()
1((1.66026e-09 1.12315e-10 0))
1((0 0 0))
0()
1((-7.80174e-09 -1.94303e-08 2.53991e-25))
1((-3.81658e-09 -5.58962e-09 0))
1((-2.97773e-09 -2.14457e-08 1.89847e-23))
0()
1((-6.80249e-09 -4.31346e-09 0))
1((-2.32003e-09 -8.5112e-09 0))
0()
1((1.05673e-10 -3.42333e-09 0))
1((3.33647e-09 -7.88149e-09 1.0883e-24))
0()
1((-1.03837e-09 -9.7194e-09 -1.42266e-24))
1((-3.43543e-10 -4.76963e-10 0))
1((-1.36876e-09 -4.21671e-10 0))
1((-1.94351e-08 -9.5733e-09 -1.57529e-23))
0()
1((-4.54724e-09 -8.67084e-09 -5.52639e-25))
0()
1((4.3755e-09 -9.9607e-09 -1.39545e-24))
1((-8.19568e-09 -5.84514e-09 8.20643e-25))
1((-8.13973e-10 -2.23195e-09 0))
1((3.96427e-10 1.53122e-09 0))
1((1.57061e-08 -1.20688e-08 -2.25501e-24))
0()
1((-1.44233e-10 -2.06865e-09 0))
0()
1((-3.25341e-10 -6.26691e-10 0))
0()
1((-5.61298e-10 -3.42762e-09 0))
0()
1((5.50915e-09 1.66429e-09 0))
1((-2.99867e-09 -2.55382e-09 0))
0()
1((8.62325e-10 1.38214e-09 0))
1((-2.1393e-09 2.11739e-10 3.91812e-24))
1((0 0 0))
1((-1.22876e-09 1.16886e-09 0))
0()
0()
0()
0()
0()
0()
1((-3.64003e-09 -5.67681e-09 3.70049e-24))
0()
1((-9.28415e-09 -7.00963e-09 5.96443e-24))
1((-7.35899e-09 -4.24813e-09 1.95548e-24))
1((5.17813e-10 -5.40748e-09 -3.12201e-25))
1((6.49908e-10 -2.08396e-10 0))
1((8.852e-09 -1.07633e-08 1.49049e-25))
1((2.97697e-09 1.22957e-09 0))
2((-1.45104e-07 8.37757e-08 9.62494e-09) (7.83215e-10 -4.75772e-10 0))
1((-3.47892e-09 -1.01703e-08 0))
0()
1((-3.18409e-10 -1.95966e-08 3.40615e-25))
0()
1((-9.87532e-09 2.70007e-09 5.9727e-24))
0()
1((1.41147e-07 -8.14914e-08 -1.00087e-08))
1((5.36587e-09 3.21257e-09 0))
1((0 0 0))
1((-1.10845e-08 -7.1608e-09 -2.03634e-24))
1((0 0 0))
1((3.64039e-09 -2.10178e-09 7.43319e-10))
1((-1.6021e-08 -5.02811e-10 6.97176e-24))
0()
1((0 0 0))
1((-6.16591e-10 -2.00402e-10 0))
1((0 0 0))
1((5.22298e-09 8.16355e-09 1.17255e-24))
1((9.59357e-10 9.81782e-09 0))
0()
0()
0()
1((-1.05182e-08 -1.33762e-09 -5.36032e-25))
0()
0()
1((-1.31004e-09 -6.48543e-09 0))
1((0 0 0))
0()
1((0 0 0))
1((3.77991e-09 7.34996e-09 0))
1((2.13807e-09 -6.26946e-09 1.33454e-25))
1((3.29854e-09 6.15953e-09 0))
1((-8.57092e-10 5.69966e-10 9.11893e-25))
1((-3.48185e-09 -1.46672e-08 7.08332e-24))
1((-2.57411e-09 -3.94851e-09 0))
1((-1.8173e-08 -1.82067e-09 0))
1((-4.73991e-09 -1.02214e-09 7.39596e-24))
0()
1((-6.93172e-11 3.12999e-09 0))
1((-1.58133e-08 7.19996e-09 -1.44943e-23))
1((8.21116e-09 9.99039e-10 -4.81935e-25))
1((-7.51642e-10 -6.88989e-10 0))
1((1.33523e-09 -1.88887e-09 0))
1((3.73926e-09 3.95421e-09 0))
1((0 0 0))
0()
1((0 0 0))
0()
0()
0()
0()
0()
1((1.43501e-09 2.07387e-09 3.12202e-24))
0()
1((4.42893e-09 9.49768e-09 0))
1((9.95329e-10 -1.10665e-09 0))
1((0 0 0))
0()
0()
1((4.45088e-09 1.5873e-08 1.05184e-25))
1((-4.53928e-10 -1.79247e-08 0))
1((1.66659e-09 -1.15845e-08 0))
1((-9.49668e-10 -4.55574e-10 0))
1((6.19555e-09 -2.34428e-08 -1.01587e-23))
1((7.64393e-09 -2.25853e-08 -1.89204e-24))
1((-8.23471e-09 -4.24048e-10 6.56235e-25))
1((3.81368e-09 3.47411e-09 -5.90417e-24))
0()
0()
1((-2.00586e-09 -1.65182e-09 0))
1((8.46324e-09 -1.2709e-08 0))
1((-3.21686e-09 -7.2288e-09 0))
1((-5.32023e-09 -4.53921e-09 0))
1((-2.57902e-08 -1.24537e-08 3.14252e-24))
1((1.76409e-09 3.62289e-10 0))
1((-1.02899e-08 2.20709e-10 -6.65151e-25))
0()
0()
1((-2.68928e-09 -2.08838e-08 0))
1((-1.1727e-08 -1.70688e-08 3.51469e-24))
1((-2.11549e-09 1.98038e-09 -2.52452e-24))
1((-1.05968e-08 -1.33413e-09 2.37047e-25))
0()
1((1.00655e-09 -5.16658e-09 0))
1((-5.0216e-09 1.07181e-08 2.02396e-24))
1((1.81298e-09 -9.03694e-09 -1.59402e-24))
1((-3.37819e-09 -6.98879e-09 -1.12857e-24))
1((4.2411e-10 -1.6141e-09 0))
1((-5.06104e-09 -2.77963e-09 0))
0()
0()
1((3.23264e-09 -1.49345e-08 2.65067e-24))
1((2.50248e-09 -4.26686e-10 0))
1((1.20098e-08 -2.51421e-09 0))
1((-1.62753e-09 -5.4388e-09 0))
1((1.22272e-09 2.68485e-09 0))
1((4.14111e-09 2.12162e-09 0))
0()
1((0 0 0))
0()
0()
0()
1((0 0 0))
1((0 0 0))
1((3.41312e-09 2.18535e-10 0))
1((6.92358e-09 -1.4371e-09 0))
1((0 0 0))
1((0 0 0))
0()
0()
0()
0()
0()
0()
0()
1((4.2555e-09 -1.13889e-25 3.26695e-10))
1((-1.84915e-08 -1.70132e-09 0))
1((-4.87123e-10 -6.8967e-09 0))
1((-1.985e-08 1.79487e-09 3.0802e-25))
1((8.98957e-09 2.60055e-08 0))
0()
1((1.6841e-08 -1.88449e-09 1.57515e-23))
1((9.74138e-09 -1.32151e-08 0))
0()
0()
1((0 0 0))
0()
1((-1.45774e-11 -1.18787e-09 0))
1((-4.15645e-10 -5.11759e-09 0))
1((1.0726e-08 -4.32861e-09 3.9777e-24))
1((2.11962e-09 2.07873e-09 1.9831e-24))
1((-1.38641e-12 -1.66813e-10 0))
1((-1.44127e-08 -6.43819e-09 2.12125e-24))
1((-1.48133e-08 -1.2514e-08 1.0377e-25))
1((4.60447e-09 -3.3378e-08 0))
1((-1.7922e-09 -8.70657e-10 0))
1((-2.50329e-09 -1.04831e-08 3.56557e-24))
1((-1.21561e-08 -1.43393e-08 -1.86726e-23))
1((6.80464e-09 -6.73945e-09 6.62736e-24))
1((-1.04193e-08 -1.18356e-08 -2.71358e-24))
1((-6.48831e-09 -1.93865e-09 -3.54705e-24))
1((-4.94497e-09 -2.0229e-08 0))
1((2.60078e-10 -2.68162e-09 0))
0()
1((3.85059e-10 -7.63224e-10 0))
1((-2.88358e-09 -1.27846e-09 0))
1((-2.11108e-09 -3.18773e-09 3.45329e-24))
0()
1((-1.00014e-08 -4.6007e-10 1.09038e-24))
1((0 0 0))
1((-1.85962e-09 -1.42788e-08 0))
0()
1((2.16514e-09 -1.09302e-11 0))
1((3.47709e-09 1.3385e-08 -6.00287e-25))
1((-2.41729e-09 9.45947e-09 0))
1((-4.71668e-09 8.84238e-09 4.67041e-24))
1((-2.02786e-08 2.02723e-09 -1.1347e-24))
1((-3.19133e-10 1.37877e-08 -6.44006e-25))
1((0 0 0))
0()
1((6.95051e-09 -4.34972e-09 0))
1((7.47339e-09 -2.65597e-09 0))
1((1.61916e-09 -1.21628e-08 0))
0()
1((1.3931e-09 -1.61998e-09 0))
1((4.05684e-10 -1.96439e-09 0))
1((-1.01329e-09 -2.12565e-09 0))
1((0 0 0))
1((0 0 0))
0()
0()
1((0 0 0))
0()
1((-1.77225e-09 5.5957e-09 0))
1((2.74593e-09 1.3698e-09 0))
1((0 0 0))
0()
1((0 0 0))
0()
0()
0()
0()
0()
0()
0()
0()
2((-1.6705e-07 7.48751e-23 1.47254e-08) (0 0 0))
0()
1((-2.44668e-08 3.52882e-08 0))
0()
0()
1((4.32013e-09 -6.52396e-09 -3.44906e-24))
1((5.08255e-09 -2.06117e-09 0))
1((-6.47922e-09 -1.86898e-08 -1.14186e-23))
1((2.66539e-08 -7.39791e-09 0))
1((-1.16776e-08 -7.06166e-09 0))
1((7.64422e-09 -2.17098e-08 0))
0()
1((8.86956e-09 -1.53755e-08 1.21515e-25))
1((4.92131e-09 -3.71253e-09 -2.92344e-24))
1((1.6463e-09 -1.8873e-09 0))
0()
1((-1.21368e-10 6.6686e-10 0))
0()
1((-3.00606e-09 -1.79094e-08 -5.46398e-24))
1((2.49814e-11 -3.20132e-08 -7.74169e-25))
1((8.1522e-09 1.44927e-09 0))
1((7.91012e-09 -3.15867e-09 0))
1((-5.28869e-10 -5.05044e-10 0))
1((3.37938e-09 -2.08988e-09 0))
0()
1((1.06089e-09 -1.11972e-09 0))
1((-4.30936e-10 -7.94847e-09 0))
1((2.50089e-09 -5.99579e-09 0))
1((2.13613e-09 -1.29432e-08 0))
1((0 0 0))
1((6.98705e-09 -7.57646e-10 5.3822e-26))
1((2.58145e-10 6.9048e-10 3.64794e-25))
1((-1.26091e-08 1.67349e-08 6.73777e-25))
0()
1((-8.12454e-09 6.38871e-09 2.73924e-24))
1((5.97758e-09 -5.96158e-09 -1.37218e-25))
1((1.85848e-09 8.7566e-10 0))
1((0 0 0))
1((-6.95483e-10 7.12713e-10 0))
1((3.86005e-10 2.00754e-09 0))
1((0 0 0))
1((-3.49841e-09 -1.12237e-08 0))
0()
0()
0()
1((8.51833e-09 -8.76609e-09 1.1558e-23))
1((3.38782e-09 -8.73831e-09 0))
1((0 0 0))
1((-2.83844e-09 -4.59966e-09 1.11362e-23))
1((-2.31266e-09 -1.93046e-10 0))
1((-4.29525e-09 -7.58831e-09 0))
1((2.10494e-09 -2.1723e-09 0))
1((8.19773e-10 -4.54687e-09 0))
0()
1((1.7005e-09 -4.9895e-09 0))
1((3.12965e-09 -2.17185e-10 0))
0()
1((-1.64834e-09 1.83064e-09 0))
0()
0()
1((0 0 0))
0()
1((3.80884e-09 -5.04665e-09 0))
1((4.87982e-09 1.94312e-09 0))
0()
1((0 0 0))
0()
0()
0()
0()
0()
1((3.56529e-07 2.05842e-07 2.3561e-08))
1((8.11175e-09 -9.60379e-09 0))
1((0 0 0))
0()
1((-4.14928e-09 3.31541e-09 0))
1((1.33446e-09 3.60731e-09 0))
1((1.96926e-09 -5.69753e-09 0))
1((-2.38714e-10 -6.32465e-10 0))
1((0 0 0))
0()
0()
1((1.14113e-10 -8.51491e-10 0))
1((4.65399e-09 -2.21374e-09 0))
0()
1((0 0 0))
0()
1((1.37654e-09 -6.03854e-09 7.1666e-24))
1((-1.4697e-10 -6.23614e-09 -3.79161e-25))
1((-1.86678e-09 -2.99686e-08 7.78574e-25))
1((-1.16581e-08 -8.99221e-09 9.83886e-25))
1((3.59702e-09 1.33914e-09 -5.22956e-24))
0()
1((-2.77902e-09 -7.94933e-09 4.21675e-24))
1((-2.11881e-09 -2.02364e-09 0))
1((3.51787e-09 4.50175e-10 -2.78072e-24))
1((1.9679e-09 -3.15488e-09 -3.72305e-24))
1((-3.3562e-08 -7.58739e-09 1.43277e-23))
1((2.04274e-10 -3.54709e-09 0))
0()
1((-1.39063e-08 1.96568e-08 -1.25823e-23))
1((-5.61731e-09 1.77614e-08 -5.65615e-25))
1((-1.96904e-08 -8.6726e-09 4.57302e-25))
1((0 0 0))
0()
1((-5.31675e-10 1.42829e-09 0))
1((1.76422e-08 3.34303e-09 -5.7069e-25))
1((0 0 0))
1((-3.79298e-09 5.99347e-10 0))
1((-2.7248e-09 4.33542e-09 -6.15897e-24))
0()
1((-2.99616e-10 1.87535e-09 0))
0()
0()
1((1.39594e-09 -2.8377e-09 0))
0()
1((9.17214e-11 1.3696e-09 0))
1((-6.77033e-12 -5.09728e-10 0))
0()
1((3.37176e-10 2.06889e-09 0))
0()
0()
0()
0()
1((0 0 0))
1((1.3651e-08 2.60128e-09 0))
1((0 0 0))
1((0 0 0))
1((3.22548e-11 9.40157e-09 -2.46076e-25))
1((0 0 0))
1((2.50219e-11 -1.579e-09 0))
1((0 0 0))
0()
1((0 0 0))
0()
1((0 0 0))
1((0 0 0))
0()
0()
0()
0()
0()
1((-4.41936e-09 -3.35255e-09 0))
1((-3.61476e-08 1.06488e-08 -2.82162e-24))
1((-9.79643e-09 2.79048e-08 -5.32112e-24))
1((3.30875e-09 -1.19481e-08 0))
1((0 0 0))
1((9.74876e-09 2.04243e-08 1.51913e-24))
1((0 0 0))
1((-3.34783e-09 -1.72842e-08 -4.1534e-25))
1((-5.38087e-09 -1.50514e-09 9.36646e-25))
0()
1((2.29044e-10 -1.82302e-09 -2.79251e-24))
1((-3.5576e-09 4.99347e-09 1.17489e-23))
0()
0()
1((-5.73785e-09 -9.67765e-09 3.07139e-24))
1((-4.58596e-09 -5.82658e-09 -1.2309e-24))
0()
1((-1.11217e-10 -2.81257e-09 0))
1((-7.95697e-09 -8.31043e-10 0))
1((-1.32839e-08 -3.62564e-09 0))
1((5.70042e-09 1.2407e-09 0))
1((7.58554e-09 -2.88525e-10 0))
0()
0()
0()
1((-1.59627e-09 2.1475e-10 0))
1((1.28794e-09 -2.76363e-08 -1.9613e-23))
1((-2.12196e-08 -6.58614e-09 -1.77159e-24))
1((1.62154e-08 1.04513e-08 -4.53575e-24))
1((3.29629e-09 -8.53356e-09 0))
1((2.41699e-09 -4.65602e-09 0))
1((5.73211e-10 -1.39092e-09 0))
1((-3.84439e-09 -6.0982e-09 0))
1((-5.0867e-10 -8.3055e-10 0))
0()
1((1.44921e-08 6.42842e-09 -1.29749e-24))
1((0 0 0))
0()
1((1.50646e-09 -5.96062e-09 0))
0()
1((1.69253e-09 -2.39237e-09 0))
1((-1.33025e-10 5.82912e-10 -5.38623e-24))
0()
0()
1((1.41889e-08 -1.7478e-08 -1.72496e-23))
1((9.39639e-09 -7.32909e-09 0))
1((0 0 0))
1((-4.76477e-10 -5.85513e-10 0))
1((9.69575e-09 -4.62309e-09 -3.0425e-24))
1((-8.33428e-09 3.2848e-10 -7.67402e-25))
1((-9.98785e-09 -1.02289e-09 -9.59992e-24))
0()
1((8.66907e-09 9.46721e-10 0))
1((0 0 0))
1((1.65926e-09 -2.33938e-09 0))
1((0 0 0))
0()
1((-2.19771e-09 4.87319e-09 0))
0()
1((0 0 0))
1((6.31044e-10 -1.68094e-09 0))
0()
0()
1((-1.48245e-09 -1.28022e-09 0))
0()
0()
1((1.55507e-09 5.2657e-10 0))
0()
0()
0()
0()
1((1.46735e-07 8.47174e-08 3.61674e-09))
1((0 0 0))
1((0 0 0))
1((-2.70155e-09 2.85851e-09 0))
1((0 0 0))
1((3.78227e-09 -4.64598e-09 0))
1((-7.1729e-09 -3.81508e-09 0))
1((6.86947e-09 -2.43254e-08 4.58975e-24))
1((-1.22082e-08 -6.28794e-09 0))
1((3.42309e-10 -6.10611e-10 0))
1((1.49067e-08 -6.09022e-09 0))
1((6.71853e-09 -2.54318e-08 4.16477e-26))
1((6.49777e-09 4.78789e-10 -6.7287e-24))
0()
0()
1((3.70298e-09 -9.39523e-09 8.04165e-25))
1((-9.45408e-09 -6.84708e-09 -4.26217e-25))
1((-9.74431e-09 -5.71938e-09 0))
1((-1.48254e-09 2.27067e-09 0))
1((-1.67233e-08 -1.18629e-09 6.72019e-24))
1((0 0 0))
1((0 0 0))
0()
1((5.60881e-10 1.92577e-12 0))
0()
0()
1((-5.7715e-09 2.61143e-08 0))
1((-1.19331e-09 1.52799e-09 0))
0()
1((2.80458e-10 7.09269e-12 0))
1((5.64389e-09 -1.05693e-09 0))
1((-3.85094e-09 -2.70104e-09 0))
1((-6.64685e-10 -1.79762e-09 0))
1((3.43547e-09 2.91858e-09 0))
1((2.6818e-09 -1.53316e-09 -2.45151e-24))
0()
1((0 0 0))
1((2.56533e-09 -3.87017e-09 3.46512e-25))
1((9.80774e-10 -4.14093e-09 0))
1((0 0 0))
0()
1((-1.66272e-08 -6.6265e-09 3.62219e-25))
1((-8.20552e-10 2.61165e-10 5.09131e-25))
1((4.37536e-09 -2.10451e-08 -3.01252e-24))
0()
1((2.67147e-09 -3.34758e-09 -3.72349e-24))
1((0 0 0))
1((0 0 0))
1((0 0 0))
1((-3.76005e-09 -2.35063e-09 0))
1((7.57473e-10 -6.21606e-10 0))
1((4.67143e-09 2.26861e-09 -5.65351e-24))
0()
0()
1((1.61493e-09 3.6732e-09 0))
0()
1((0 0 0))
0()
1((0 0 0))
1((0 0 0))
1((0 0 0))
0()
0()
1((-2.01671e-09 -2.16712e-10 0))
0()
0()
0()
0()
0()
0()
0()
0()
1((0 0 0))
0()
0()
0()
1((1.66957e-08 -1.21463e-08 5.00133e-24))
0()
1((2.37496e-08 3.61921e-09 2.7201e-24))
1((1.07694e-08 -6.28896e-09 1.786e-25))
1((6.85615e-09 -2.50307e-09 -6.17762e-24))
1((1.1809e-08 7.12222e-09 -5.20922e-24))
1((-1.38176e-08 1.88063e-08 0))
1((-1.33224e-09 1.85732e-09 -4.24951e-24))
1((-4.97021e-09 3.84465e-09 0))
1((8.30805e-09 -1.06046e-09 6.84938e-24))
1((6.98456e-09 -3.00497e-09 0))
1((6.93909e-09 -2.80917e-09 0))
1((0 0 0))
1((-1.24459e-08 -2.06491e-08 3.19444e-24))
1((-1.86505e-08 3.32232e-09 -6.6863e-24))
1((0 0 0))
1((0 0 0))
1((-7.81456e-11 -7.33816e-10 0))
1((-1.71063e-08 3.73349e-09 9.25729e-24))
1((-1.12424e-08 4.59014e-09 -1.56326e-24))
1((-1.54273e-09 -5.2416e-10 0))
1((0 0 0))
1((-1.16143e-10 -3.17994e-09 0))
1((-3.76819e-10 -9.35253e-09 0))
1((-8.09641e-10 -7.14099e-09 6.46286e-25))
0()
1((-2.03909e-09 -2.04188e-09 0))
1((2.03656e-09 -6.41633e-09 -4.46712e-25))
1((-5.85835e-11 -8.24404e-09 -3.69622e-24))
0()
1((1.65915e-09 -8.34661e-09 1.32097e-23))
0()
1((6.65808e-10 -1.11995e-08 -1.004e-24))
1((-9.00209e-10 -5.29391e-10 0))
1((2.48797e-09 -1.17083e-09 -2.02948e-24))
1((1.74657e-08 -7.9288e-09 -5.47807e-24))
1((5.27483e-09 -1.72888e-08 1.84596e-24))
1((1.01939e-08 -4.83586e-09 4.40093e-25))
0()
0()
1((0 0 0))
1((-2.4026e-09 -2.7422e-09 0))
1((6.98357e-10 1.16584e-09 0))
1((1.10607e-09 -2.45607e-09 0))
1((3.47024e-09 2.50478e-09 0))
1((0 0 0))
0()
1((8.43984e-09 1.39645e-09 0))
1((2.90783e-09 4.60079e-09 0))
1((0 0 0))
1((0 0 0))
1((0 0 0))
1((-3.00689e-09 5.24883e-09 0))
0()
0()
1((-3.55762e-09 -3.6682e-10 0))
1((0 0 0))
0()
1((-6.85545e-10 2.29677e-09 0))
1((0 0 0))
0()
1((0 0 0))
1((0 0 0))
0()
0()
0()
0()
0()
1((1.50495e-08 -4.05396e-09 0))
0()
1((0 0 0))
1((-8.43695e-09 1.86016e-08 1.19551e-24))
1((1.61567e-08 3.05885e-09 0))
1((7.19446e-09 -6.75591e-09 0))
1((1.27605e-09 -3.53625e-09 0))
1((-2.95471e-09 -4.60408e-09 2.54322e-24))
0()
1((-3.41225e-08 -2.06087e-08 -7.97825e-24))
1((2.33145e-09 9.2952e-10 0))
0()
1((-5.30444e-09 -2.07058e-09 -6.0802e-25))
1((-1.04812e-09 -7.82642e-10 0))
1((-4.2416e-09 -3.65387e-09 -3.43305e-24))
1((4.46975e-09 -2.02011e-09 2.02332e-24))
1((-1.3501e-08 -1.83377e-09 -1.91109e-25))
1((-1.0566e-09 -2.99498e-08 -1.33137e-24))
0()
1((0 0 0))
1((7.34866e-09 7.73575e-09 0))
0()
0()
0()
1((-7.4452e-09 -9.60578e-09 0))
1((-5.69201e-09 -1.50949e-08 0))
1((-1.11368e-09 -3.57553e-09 0))
1((3.7803e-09 -4.86538e-09 0))
1((-6.26556e-10 -1.45807e-10 0))
1((1.55346e-09 -4.23169e-09 -6.09392e-25))
1((-3.54052e-10 1.78476e-09 7.37995e-25))
1((-1.23408e-08 -1.40335e-08 2.07172e-23))
1((-1.09424e-08 -1.36067e-08 -3.0382e-24))
1((1.0009e-08 -7.49994e-09 -6.91376e-24))
0()
0()
1((-1.22541e-09 -6.73367e-09 -3.5101e-24))
1((-2.20829e-08 -1.76697e-08 -4.03384e-24))
1((2.23208e-10 -1.67585e-09 0))
1((3.41155e-10 -8.60606e-10 0))
1((6.59409e-10 2.49891e-09 0))
1((0 0 0))
0()
0()
1((-1.29588e-10 -6.26914e-09 0))
1((2.66747e-09 -2.97388e-09 0))
1((0 0 0))
1((0 0 0))
1((3.17776e-10 3.77764e-09 0))
1((0 0 0))
1((0 0 0))
1((5.72697e-10 -2.79e-09 0))
1((0 0 0))
1((0 0 0))
1((0 0 0))
0()
0()
0()
0()
1((-4.63608e-09 4.17096e-10 0))
0()
1((0 0 0))
0()
0()
1((0 0 0))
0()
0()
0()
0()
1((-1.655e-07 -9.55515e-08 -9.84768e-10))
1((5.26742e-09 -2.28203e-11 0))
1((4.27287e-11 -3.9093e-09 0))
1((1.68101e-08 8.92199e-10 0))
0()
1((0 0 0))
1((4.32423e-09 8.42061e-09 0))
1((3.45574e-09 -3.69282e-09 0))
1((-5.51331e-09 1.30135e-09 2.94061e-24))
0()
1((-8.6587e-10 -2.70481e-09 -1.6226e-24))
1((-2.54519e-08 1.41304e-08 2.6967e-24))
1((5.77504e-10 1.04186e-09 0))
1((-1.49671e-09 -1.25628e-11 0))
1((2.88307e-09 -2.80217e-09 0))
0()
1((-5.4255e-09 -3.80197e-09 0))
1((0 0 0))
1((-5.84345e-09 -2.24908e-08 -6.5656e-24))
1((7.62387e-09 -3.69845e-08 -2.26095e-24))
1((2.5803e-09 1.89132e-08 6.27744e-24))
1((-2.5601e-08 -1.06416e-08 0))
1((-4.83375e-09 6.84633e-10 0))
1((-2.43601e-09 5.41083e-10 0))
1((-6.4082e-09 8.45486e-10 0))
1((-8.38083e-09 -8.60886e-09 -3.45817e-24))
1((-2.148e-08 -8.14908e-09 0))
1((-8.96254e-09 -7.34796e-09 -1.54659e-24))
0()
0()
0()
1((7.9126e-09 1.99825e-09 3.4128e-24))
1((-8.76665e-09 -1.02888e-08 0))
1((2.40381e-09 -8.61788e-09 5.46403e-25))
0()
1((1.06503e-09 -1.51197e-09 0))
1((8.68199e-11 -1.78847e-10 0))
1((2.11862e-08 -2.47401e-11 -1.2006e-23))
1((3.32261e-09 -1.17097e-09 0))
1((1.20204e-10 -2.29129e-09 -7.01605e-26))
1((-2.41543e-09 -7.62094e-09 1.31947e-23))
1((1.70845e-09 -2.16394e-09 -1.4314e-24))
1((1.81698e-09 9.20103e-10 0))
1((1.32552e-09 3.44448e-10 0))
1((0 0 0))
1((-4.17882e-09 -4.22356e-09 0))
1((-1.3201e-09 1.31318e-09 0))
0()
1((6.26315e-09 2.97487e-09 0))
0()
1((0 0 0))
1((0 0 0))
1((0 0 0))
1((0 0 0))
0()
0()
1((6.35087e-09 -1.05344e-09 0))
1((5.41393e-10 1.13452e-09 0))
1((6.03058e-10 1.99076e-09 0))
1((-1.55696e-09 2.2497e-09 0))
1((0 0 0))
1((0 0 0))
1((1.72556e-09 -8.9895e-10 0))
1((0 0 0))
0()
1((0 0 0))
0()
0()
0()
0()
1((0 0 0))
1((4.37568e-09 -1.06335e-08 -7.9851e-25))
0()
1((1.16261e-08 6.06316e-09 2.34499e-24))
1((2.3515e-09 -1.03884e-08 2.11206e-24))
1((0 0 0))
0()
1((3.56723e-10 -7.36502e-10 0))
1((2.4233e-10 6.77385e-09 6.79933e-24))
1((4.5522e-09 -6.7545e-10 -6.65012e-24))
1((2.06166e-09 1.10677e-09 0))
0()
1((-5.86618e-09 -2.51321e-08 4.08341e-24))
1((2.02645e-08 -2.09629e-08 -1.69901e-23))
1((-6.74476e-09 1.18021e-08 0))
1((1.56563e-09 -1.67205e-08 2.68016e-23))
1((1.21553e-08 -5.79008e-09 1.4891e-23))
0()
1((-4.15498e-09 -1.66675e-09 0))
1((-3.11934e-09 -6.40446e-09 -2.55279e-24))
0()
1((-1.14361e-08 -8.02454e-09 -3.75142e-25))
1((0 0 0))
0()
1((1.72184e-09 -1.15822e-09 0))
0()
1((-2.94236e-09 5.0101e-09 0))
1((-2.67624e-09 -2.26165e-09 0))
1((8.46698e-09 -9.35341e-09 -1.62414e-24))
1((2.88628e-11 -3.4107e-09 0))
1((2.53194e-09 -2.25622e-09 0))
1((2.34233e-09 -5.64599e-10 0))
1((1.00216e-09 -7.98952e-09 -1.6755e-25))
1((-6.56947e-09 6.3796e-10 0))
1((3.14268e-09 1.61072e-09 0))
1((0 0 0))
1((0 0 0))
1((3.73508e-09 -7.46855e-09 0))
1((-1.68979e-09 4.38706e-10 0))
1((0 0 0))
0()
1((8.38782e-09 3.48617e-09 0))
1((2.09752e-09 1.93515e-09 0))
1((1.49505e-09 4.51863e-11 0))
0()
1((0 0 0))
0()
1((0 0 0))
1((0 0 0))
1((0 0 0))
0()
1((0 0 0))
0()
0()
0()
1((3.21616e-09 -3.85926e-09 0))
1((-1.05301e-09 1.01699e-09 9.59993e-24))
1((-2.51194e-09 3.64391e-10 0))
1((0 0 0))
1((-2.69481e-09 5.22809e-09 0))
1((-1.30032e-08 -1.46124e-09 0))
0()
1((4.1118e-09 1.42116e-09 4.0186e-24))
1((2.5612e-09 -2.53331e-09 0))
1((3.83729e-09 1.71027e-09 0))
1((-2.25794e-09 -5.90157e-09 0))
1((0 0 0))
0()
1((0 0 0))
0()
0()
0()
0()
0()
1((1.2456e-10 5.27436e-09 0))
0()
1((4.53307e-09 3.10802e-09 0))
0()
0()
0()
0()
1((3.1991e-09 1.95173e-09 0))
0()
0()
0()
0()
0()
1((-3.43243e-09 9.7723e-11 2.35867e-25))
1((0 0 0))
1((0 0 0))
0()
1((-5.66187e-08 -3.26889e-08 3.14443e-09))
1((0 0 0))
0()
0()
0()
1((0 0 0))
1((5.7108e-09 -1.66943e-09 -1.82865e-24))
1((0 0 0))
0()
1((1.29646e-08 1.25508e-08 0))
1((3.93493e-09 6.45315e-09 0))
1((0 0 0))
2((-1.57949e-07 -9.11921e-08 2.22287e-08) (9.89981e-10 -4.8987e-11 -6.49764e-26))
0()
0()
0()
1((0 0 0))
1((3.71042e-09 -1.12685e-08 -8.50115e-25))
1((0 0 0))
1((-1.53777e-08 -6.38984e-09 4.07494e-24))
1((-7.76002e-09 8.67654e-09 0))
1((-5.0152e-10 -2.50345e-08 0))
1((-5.17202e-10 -8.02853e-10 0))
1((-1.0091e-08 -1.3348e-08 -4.9838e-24))
1((1.61437e-08 -2.92281e-09 2.60581e-24))
1((-3.06665e-09 1.3338e-08 -3.55381e-24))
1((-6.29164e-10 1.45669e-08 8.22406e-25))
1((1.22251e-08 1.55931e-09 0))
1((-3.70885e-10 1.42073e-09 0))
0()
0()
0()
2((7.14241e-08 -4.38698e-24 -9.95063e-09) (4.74752e-09 -1.43098e-09 -4.40973e-25))
0()
0()
1((0 0 0))
1((2.57228e-09 -5.81497e-10 1.07996e-24))
1((7.67624e-09 3.92216e-09 0))
0()
1((0 0 0))
0()
1((0 0 0))
1((-3.94454e-09 -8.60337e-10 0))
1((0 0 0))
1((-4.41956e-09 -4.0392e-09 1.42679e-23))
0()
0()
1((7.38861e-09 -1.82392e-08 -9.1517e-24))
1((8.48749e-09 -1.61236e-08 9.74156e-25))
1((1.2658e-09 -1.69551e-08 -2.10478e-24))
0()
1((-4.79469e-09 -1.90155e-09 0))
1((-4.7894e-09 -1.27429e-08 0))
1((1.75595e-09 -8.05107e-09 0))
1((9.19882e-10 -2.02316e-09 0))
1((0 0 0))
1((0 0 0))
1((0 0 0))
1((-1.41829e-09 -8.92536e-10 0))
1((-2.10809e-08 -2.56523e-09 8.50734e-24))
1((-1.54404e-09 -4.18597e-10 0))
1((-3.26695e-09 3.9904e-10 0))
0()
1((-5.20819e-09 -8.45756e-09 6.77911e-24))
1((-1.42874e-09 -8.02477e-09 8.39998e-24))
1((8.25059e-10 -3.03765e-09 0))
1((-4.54547e-09 -6.30978e-09 0))
1((0 0 0))
0()
1((-5.38592e-10 -1.68388e-09 0))
1((-8.43297e-09 -1.40386e-08 -3.00099e-24))
1((-2.98608e-09 -3.18612e-09 4.9754e-26))
0()
1((1.56373e-08 -8.17371e-09 5.05342e-24))
1((1.03292e-08 -1.9326e-08 1.45332e-24))
1((2.10193e-08 1.56029e-10 -5.23487e-24))
1((1.2203e-08 5.67987e-10 7.40346e-25))
1((-4.2126e-09 3.91136e-09 0))
0()
0()
0()
1((-7.51118e-09 2.25795e-08 0))
0()
0()
1((0 0 0))
1((0 0 0))
0()
1((-2.54501e-10 1.71888e-08 -5.67915e-25))
1((-6.34616e-10 -1.84959e-08 -6.31546e-24))
1((-8.24322e-09 -1.61848e-08 0))
1((4.62513e-09 -1.43503e-08 0))
1((-1.29365e-08 1.14501e-09 -1.44657e-24))
1((-3.72063e-09 -3.62807e-09 4.17283e-24))
1((-5.37831e-09 -1.45264e-08 -7.28197e-26))
1((1.19948e-08 -1.13715e-08 0))
0()
1((1.02317e-08 -1.35482e-08 8.59171e-24))
1((5.54695e-09 -8.4681e-10 -1.2269e-24))
1((-1.8829e-09 -1.06011e-08 -2.58211e-24))
1((3.47884e-09 -5.24384e-09 -1.05671e-24))
1((-2.70392e-09 -8.62679e-09 2.93903e-25))
1((4.0838e-09 1.54184e-09 0))
0()
1((-5.36898e-11 -1.07903e-08 -1.29382e-24))
1((1.6245e-08 -2.1374e-08 7.55932e-24))
1((2.10948e-08 -2.53735e-08 -1.07393e-23))
1((5.33204e-09 -8.76262e-09 -1.15718e-24))
1((-3.92992e-09 -6.48311e-09 1.54993e-24))
1((3.00005e-09 2.2541e-09 -1.34234e-24))
1((-2.62737e-09 8.11583e-10 0))
0()
0()
0()
1((-3.63913e-09 4.78212e-09 0))
1((9.6881e-09 -1.83543e-08 -1.09387e-24))
0()
1((0 0 0))
1((0 0 0))
1((-9.01587e-09 -1.65674e-08 -1.07011e-23))
1((-6.24176e-09 -4.36641e-09 4.49128e-24))
1((-7.38317e-10 -1.94833e-08 -5.27648e-24))
1((-7.34248e-09 -1.39946e-08 -1.08021e-24))
1((-5.60099e-09 -9.33013e-09 0))
1((3.72893e-09 -1.50523e-08 0))
1((2.99535e-09 -2.32773e-09 0))
0()
1((5.86965e-10 -1.21678e-09 0))
1((-5.6789e-09 -2.22214e-08 3.926e-24))
1((4.79504e-09 -2.32116e-08 -4.77739e-24))
1((-1.57496e-09 -2.4938e-08 -8.45683e-25))
1((5.77518e-10 -6.2098e-09 6.81159e-25))
1((-7.88361e-10 -8.61338e-09 8.90594e-24))
1((0 0 0))
0()
1((1.47199e-08 7.60431e-09 -3.73336e-24))
1((-2.45096e-09 -1.39051e-08 1.22348e-24))
1((-6.82578e-09 -1.67686e-08 -5.19706e-24))
1((-7.32899e-09 -8.52312e-09 0))
1((-3.44319e-09 -1.21399e-08 1.1778e-23))
0()
0()
1((0 0 0))
1((-6.59917e-09 1.98722e-09 0))
1((0 0 0))
0()
1((-8.43451e-09 -2.47506e-09 0))
1((5.08734e-09 8.81541e-09 0))
0()
1((9.3038e-09 7.9714e-09 0))
1((0 0 0))
1((-3.55258e-09 -6.4648e-09 0))
1((0 0 0))
0()
0()
0()
0()
0()
0()
0()
0()
1((-2.3972e-08 2.37788e-08 0))
1((-5.08753e-09 3.9467e-09 0))
0()
0()
0()
1((2.53706e-10 -3.25497e-08 1.69423e-23))
1((-4.93209e-09 -1.78515e-09 -2.34461e-24))
1((5.15815e-09 -1.12897e-08 1.65479e-24))
1((3.58873e-10 -4.96725e-09 -1.57957e-24))
0()
0()
1((1.93803e-08 -3.14596e-09 1.84068e-24))
1((1.74528e-08 -5.63227e-09 2.55632e-24))
1((-3.84615e-09 -1.5414e-08 -6.80744e-25))
0()
1((3.51186e-11 -3.02276e-09 -1.10101e-25))
1((1.30916e-08 -1.5242e-08 0))
1((-7.2969e-09 3.51207e-09 -9.59558e-24))
1((1.66347e-09 1.92193e-10 0))
1((2.5298e-08 1.14104e-08 3.64392e-23))
1((6.16063e-09 -1.28165e-08 -1.32301e-23))
1((0 0 0))
1((5.50785e-10 7.94023e-10 0))
1((-5.07927e-09 1.93679e-09 0))
0()
1((1.00016e-10 -2.34064e-09 0))
1((2.98137e-09 -5.44948e-09 -3.54008e-24))
1((-7.69835e-10 -3.41447e-10 0))
1((2.12269e-08 2.00779e-09 -6.52588e-24))
1((-6.26386e-10 -7.53229e-12 0))
1((8.81349e-10 -4.87315e-09 0))
1((4.64863e-09 -1.21633e-10 0))
1((7.04089e-09 -6.17056e-09 5.97516e-24))
1((-3.9977e-09 1.22766e-09 0))
1((1.11672e-09 -1.02504e-08 0))
1((6.53776e-09 2.50633e-09 0))
0()
0()
1((9.55932e-09 -1.98015e-09 0))
0()
1((-8.61643e-10 -2.58619e-10 0))
1((0 0 0))
1((-2.78074e-09 -1.5678e-09 -2.22274e-24))
1((-1.54756e-09 -3.86093e-09 0))
1((0 0 0))
1((1.66984e-10 -8.77203e-10 0))
1((2.34205e-09 1.7895e-08 1.06323e-24))
1((3.64365e-10 -3.4289e-09 0))
0()
0()
0()
1((1.7883e-09 9.15447e-10 0))
1((0 0 0))
1((3.07267e-09 -2.10544e-09 0))
1((4.49173e-09 -5.91621e-09 0))
1((0 0 0))
0()
0()
1((0 0 0))
0()
0()
0()
0()
0()
0()
0()
0()
1((3.74064e-09 3.79021e-09 1.01822e-24))
1((-2.92492e-08 2.59356e-08 1.70923e-23))
1((2.50046e-08 -1.09826e-08 -2.88511e-24))
1((-5.45205e-09 3.45361e-09 0))
1((7.7707e-09 1.24361e-08 2.79448e-24))
1((-3.07172e-08 7.21333e-09 4.43439e-24))
1((4.34894e-08 -1.66451e-08 -1.88345e-23))
1((1.61209e-08 -3.77049e-09 1.52219e-24))
0()
0()
1((-7.1232e-09 -8.76566e-10 -6.53608e-25))
1((4.37309e-09 -1.20576e-09 9.09451e-25))
1((-6.54083e-09 -2.00302e-08 -5.93049e-24))
1((-8.22994e-09 -5.29645e-09 5.91558e-24))
1((-5.64311e-09 -6.94698e-09 9.444e-24))
1((0 0 0))
1((1.052e-08 3.0946e-09 -4.80393e-24))
1((0 0 0))
1((-2.39188e-09 2.82407e-09 0))
1((0 0 0))
0()
1((-6.41958e-09 -1.8305e-08 4.1896e-24))
1((-2.80257e-09 1.67192e-08 1.80214e-24))
1((1.16818e-10 8.31368e-10 0))
0()
1((0 0 0))
1((0 0 0))
0()
0()
1((-1.53748e-09 -1.52857e-08 -5.23084e-25))
1((4.36232e-09 -5.58404e-09 2.19237e-24))
1((-3.29204e-09 -3.02517e-10 1.23776e-24))
1((0 0 0))
1((5.77343e-10 -2.67525e-09 0))
1((8.12558e-09 -2.64918e-09 0))
1((-2.89654e-09 -5.05004e-10 0))
1((-9.10146e-10 1.36087e-08 0))
1((-1.07428e-08 8.35073e-09 4.95831e-24))
1((1.04493e-08 -1.5465e-08 -9.19114e-24))
1((8.47962e-09 1.11993e-08 0))
1((1.17947e-08 -1.08673e-08 -1.46925e-25))
1((-1.60169e-08 9.5389e-09 0))
1((-2.74229e-09 -3.02918e-09 4.50916e-24))
1((4.6805e-09 -3.33013e-09 0))
1((4.8978e-10 1.79806e-09 0))
1((-4.78134e-09 9.91266e-09 -4.59386e-24))
1((-1.78024e-09 -7.89124e-09 1.05008e-24))
1((-6.13521e-09 4.86263e-09 -8.25689e-24))
0()
0()
0()
0()
1((-1.42436e-08 3.46588e-09 0))
1((0 0 0))
0()
0()
1((0 0 0))
1((7.0012e-10 1.08271e-09 0))
1((0 0 0))
0()
0()
0()
1((0 0 0))
1((0 0 0))
0()
0()
0()
0()
0()
2((-2.8965e-07 -1.67229e-07 -1.60152e-08) (4.89989e-09 -5.84721e-09 1.68313e-24))
1((-6.68253e-10 -1.40931e-08 3.86064e-24))
1((9.32829e-09 3.61524e-09 -1.49508e-24))
1((-2.77465e-09 -2.89166e-09 1.32093e-23))
1((3.88615e-10 -8.02152e-09 4.13439e-24))
1((0 0 0))
1((-9.14507e-09 7.72044e-09 9.12003e-25))
1((2.98911e-08 -1.52018e-08 -1.80305e-23))
1((3.4882e-09 -5.235e-09 1.72544e-24))
1((-1.20343e-08 1.31453e-08 -1.81323e-24))
1((1.80171e-08 -1.11209e-09 1.4335e-24))
1((-1.92347e-08 -1.1325e-08 9.19228e-25))
1((1.31165e-08 -2.39244e-09 4.24345e-24))
1((-9.70023e-09 -1.45744e-08 1.7344e-24))
1((-1.64691e-08 -3.77636e-09 -1.51484e-24))
1((-1.60992e-08 3.1161e-09 5.52275e-24))
0()
1((-3.46508e-09 -1.85078e-08 1.35592e-24))
0()
0()
0()
1((-5.82088e-09 8.06583e-09 1.10685e-24))
1((0 0 0))
1((7.11588e-10 -2.6487e-09 0))
1((-3.70684e-09 -2.73399e-09 -5.57446e-25))
0()
1((2.3328e-09 -6.54344e-09 0))
0()
1((0 0 0))
1((0 0 0))
1((1.6356e-08 -9.22408e-09 -4.20555e-24))
0()
1((8.44556e-11 8.58619e-10 0))
0()
1((0 0 0))
1((2.01011e-09 -2.71756e-10 0))
1((-4.87316e-09 -4.55009e-09 -1.64793e-23))
0()
1((5.09475e-10 -1.229e-09 0))
1((-2.00465e-09 -6.80812e-09 0))
1((1.90323e-09 -4.37765e-09 0))
1((0 0 0))
1((0 0 0))
1((-3.94541e-09 8.06059e-10 0))
1((9.01656e-11 8.59251e-10 0))
1((1.14626e-08 -5.179e-10 6.39399e-24))
1((8.09747e-09 7.52371e-09 -2.00606e-24))
1((9.75275e-09 -7.94773e-09 1.86933e-23))
0()
0()
1((4.56964e-09 -1.02274e-09 -1.31647e-24))
1((-2.66037e-09 -6.17667e-09 -5.6829e-25))
1((0 0 0))
1((0 0 0))
0()
0()
0()
0()
0()
1((0 0 0))
1((0 0 0))
1((5.48532e-09 1.5518e-09 0))
1((0 0 0))
0()
0()
1((0 0 0))
0()
0()
0()
0()
0()
2((-8.83231e-07 -5.09934e-07 -1.36382e-08) (-1.02262e-08 -1.16556e-08 0))
1((9.43711e-09 -7.78467e-09 5.74928e-25))
0()
1((-7.44655e-10 -1.84057e-08 0))
1((2.37329e-09 1.85988e-09 0))
1((0 0 0))
1((6.82542e-09 -1.52985e-08 -2.42889e-23))
1((-2.17269e-08 -1.97736e-08 0))
1((-3.53765e-09 -1.38257e-08 0))
1((3.19037e-09 -6.11924e-09 -1.20099e-24))
1((-1.69432e-10 -1.77338e-10 0))
1((-2.1355e-09 -1.08897e-08 -1.76439e-24))
1((-1.66855e-08 -1.28579e-09 1.2641e-25))
0()
1((1.56355e-09 9.97281e-09 -3.0124e-24))
1((1.72496e-08 -7.18512e-11 -7.5226e-24))
1((-1.36208e-08 -2.33066e-08 4.02987e-23))
1((-1.05169e-08 -1.58609e-08 -4.45944e-24))
1((2.66772e-09 -2.92088e-09 1.86036e-25))
1((1.33872e-08 -1.26218e-08 5.73949e-24))
1((2.23179e-09 2.46319e-09 9.91817e-24))
1((5.66543e-09 -1.96324e-08 7.02517e-25))
1((1.07371e-08 -3.22369e-11 0))
0()
1((1.66963e-09 -7.89855e-09 0))
1((-3.30623e-09 -4.23324e-09 0))
1((-1.06511e-08 -8.95616e-09 0))
1((-1.52385e-09 -1.24949e-09 0))
1((-1.20498e-09 -4.85279e-09 0))
1((6.41473e-09 1.84945e-09 0))
1((3.35869e-09 3.98395e-09 0))
1((-4.21022e-09 1.33893e-08 0))
1((5.05519e-10 1.24093e-08 6.57644e-24))
1((-3.65401e-09 1.25378e-09 -1.50207e-24))
0()
1((-7.14141e-09 7.58105e-10 0))
1((0 0 0))
0()
0()
0()
1((1.13869e-09 -1.64613e-09 0))
0()
0()
0()
1((1.80379e-08 -3.02309e-09 0))
1((6.46192e-09 -6.20434e-10 0))
0()
0()
1((3.44566e-09 -1.37987e-08 0))
1((0 0 0))
1((-2.6143e-09 -5.05577e-09 0))
0()
1((-1.61653e-09 -4.6873e-09 0))
0()
1((0 0 0))
1((-1.85312e-09 1.29185e-09 0))
0()
0()
0()
0()
1((2.76529e-09 -8.39208e-10 0))
1((4.28995e-09 5.70509e-10 0))
1((0 0 0))
1((0 0 0))
1((0 0 0))
1((0 0 0))
0()
1((0 0 0))
1((0 0 0))
0()
0()
1((-3.70846e-09 -2.14108e-09 -1.13161e-09))
1((3.36393e-10 -1.0319e-09 0))
1((-2.53731e-08 -8.35099e-09 4.1837e-23))
1((-2.93649e-09 -1.99777e-08 0))
1((-2.73139e-08 1.96822e-09 3.81688e-23))
1((-1.41695e-09 -4.89806e-09 4.25054e-24))
1((-9.57786e-09 2.09593e-08 1.18904e-23))
0()
1((-1.54063e-08 4.09348e-09 3.08455e-23))
0()
1((2.81198e-10 6.54944e-10 0))
1((-1.11767e-09 -5.4647e-10 0))
1((-9.0846e-09 -3.18019e-08 5.50765e-25))
1((-3.22435e-09 -4.47263e-09 1.31349e-23))
1((-5.79288e-09 -1.21701e-08 1.58416e-25))
1((-1.55296e-08 -1.41125e-08 -1.27659e-23))
1((-1.36173e-08 -1.22173e-08 -2.73708e-24))
1((-1.49648e-09 5.8999e-10 0))
1((-9.26278e-09 -5.21382e-09 -3.63678e-24))
1((-2.09832e-09 -9.77707e-09 0))
1((-4.35211e-09 -8.05105e-09 -2.72267e-25))
1((5.80663e-09 -1.92714e-09 8.83229e-24))
1((-1.11685e-08 4.81594e-10 -5.19328e-23))
1((-6.49584e-10 1.40386e-08 -2.43071e-24))
1((1.51572e-08 -1.31736e-08 3.87465e-24))
1((1.6381e-10 -1.13967e-08 1.15035e-24))
1((4.0062e-09 -3.46273e-09 0))
1((-4.81052e-09 -1.03581e-08 0))
1((3.42287e-09 1.29067e-09 0))
0()
1((0 0 0))
0()
1((0 0 0))
1((-1.22098e-08 -2.30487e-09 0))
1((-6.06768e-10 1.24389e-09 0))
1((5.17464e-09 2.50732e-10 0))
1((3.4558e-10 1.39363e-09 0))
1((3.38556e-09 2.64645e-09 0))
1((-7.82327e-11 -1.24903e-09 0))
1((1.75309e-09 -4.14177e-09 0))
1((1.34143e-09 7.91397e-10 0))
1((9.28336e-09 4.07583e-09 0))
1((2.63689e-09 -3.09079e-09 0))
1((1.68137e-08 -1.71093e-08 0))
1((0 0 0))
0()
0()
1((7.68138e-09 2.96898e-09 9.96595e-25))
1((-7.02839e-10 3.94594e-09 0))
1((9.21817e-09 2.72147e-10 0))
1((8.72738e-09 7.42285e-09 0))
1((0 0 0))
1((1.09624e-09 2.26597e-09 0))
1((1.00265e-08 -8.33063e-09 0))
1((0 0 0))
1((0 0 0))
1((0 0 0))
0()
1((-9.08851e-09 -8.66362e-09 5.48849e-23))
1((0 0 0))
1((0 0 0))
1((0 0 0))
1((0 0 0))
0()
1((0 0 0))
0()
0()
0()
1((0 0 0))
0()
0()
2((1.07517e-07 6.2075e-08 -1.16254e-08) (2.71927e-10 -9.94064e-09 -9.97494e-25))
2((2.38086e-08 1.37459e-08 7.09292e-09) (1.08565e-08 -4.59965e-09 2.79005e-24))
1((0 0 0))
1((-9.71456e-09 -1.76736e-08 2.36889e-23))
0()
1((8.18086e-09 2.23168e-10 -2.32889e-24))
0()
1((-1.2623e-08 -5.28974e-09 -1.84788e-23))
1((-2.96143e-09 -2.579e-08 2.72374e-24))
1((1.79163e-10 1.43744e-10 0))
1((0 0 0))
0()
1((-2.17797e-08 2.44766e-09 -6.43201e-24))
1((8.271e-09 -1.59634e-08 8.06603e-25))
1((-5.88866e-09 -3.81316e-09 2.85459e-24))
0()
1((-3.33549e-08 -3.9083e-09 -1.63124e-24))
1((-1.90534e-08 -1.32555e-08 1.3184e-23))
1((-1.01452e-09 -1.10062e-08 3.57486e-24))
0()
0()
1((0 0 0))
0()
1((-8.86506e-09 4.04106e-10 -2.78808e-24))
1((-8.54063e-09 3.24812e-09 7.9118e-25))
1((-8.8735e-10 2.96991e-10 0))
0()
1((0 0 0))
1((1.69218e-09 -9.00434e-10 0))
1((1.82041e-09 -7.48285e-09 0))
0()
1((-1.30756e-09 1.67016e-09 0))
1((0 0 0))
1((-2.49234e-09 -9.33181e-10 0))
1((-4.1791e-10 -1.49825e-09 0))
1((0 0 0))
1((1.23074e-09 -1.99671e-09 0))
1((2.5879e-09 -3.13291e-09 1.47201e-23))
1((4.21353e-09 -9.50779e-09 0))
1((3.88383e-09 -3.32521e-09 0))
0()
1((-7.20069e-09 -1.20046e-08 0))
1((0 0 0))
1((-4.06228e-09 -1.36817e-09 0))
1((1.48189e-09 -9.7039e-09 0))
0()
1((-5.98126e-09 -6.67158e-10 0))
0()
1((8.70041e-09 5.09151e-09 -5.81839e-25))
1((3.5033e-10 5.90051e-09 -2.77635e-25))
1((0 0 0))
0()
1((-3.3922e-09 2.16619e-09 0))
0()
1((1.70637e-09 -4.83674e-10 -3.44786e-24))
1((-2.18415e-09 8.39968e-10 0))
1((7.59372e-09 -7.14523e-09 0))
1((-9.59908e-09 -1.23948e-08 -1.16776e-23))
1((0 0 0))
1((0 0 0))
0()
0()
0()
1((0 0 0))
0()
1((0 0 0))
0()
0()
1((0 0 0))
0()
0()
2((-1.68227e-07 -9.71257e-08 4.18656e-09) (0 0 0))
1((-2.75669e-10 1.2905e-08 0))
0()
1((-2.03019e-09 -1.1664e-08 -9.97044e-25))
1((1.19633e-08 -4.504e-09 -9.80701e-25))
1((3.56559e-09 -1.64431e-09 2.0096e-23))
1((3.0197e-10 -3.83838e-09 1.98982e-25))
1((-2.98509e-08 -8.15561e-09 -4.66105e-24))
1((2.19323e-10 5.20991e-10 0))
0()
1((4.03315e-09 -1.78362e-08 2.47386e-24))
0()
1((-5.74962e-09 -2.57955e-08 1.60211e-23))
1((-4.1965e-09 1.69707e-09 1.70189e-24))
1((-2.06073e-08 1.31326e-10 0))
1((-2.20519e-08 -1.46684e-08 1.07033e-23))
1((0 0 0))
0()
1((0 0 0))
0()
1((1.12079e-08 1.87749e-09 0))
1((0 0 0))
1((3.22561e-09 -1.1571e-08 3.52488e-24))
1((3.6868e-09 -6.55712e-09 -1.01111e-24))
1((-8.08051e-09 8.44226e-09 1.735e-23))
1((-1.12143e-08 1.19962e-08 1.10383e-24))
1((1.83207e-09 -3.11022e-10 0))
1((-2.86504e-09 1.79627e-09 0))
1((0 0 0))
1((3.4257e-10 1.72636e-09 0))
1((0 0 0))
1((-2.71963e-09 -6.12197e-09 0))
1((-8.98695e-09 -1.68834e-08 0))
1((5.8334e-09 -3.65816e-09 0))
1((-8.04525e-10 2.02097e-10 0))
1((-1.7218e-09 -2.01898e-09 0))
1((1.39482e-10 -7.60703e-09 0))
1((0 0 0))
1((0 0 0))
0()
1((-4.56412e-09 -1.72342e-08 0))
1((3.7459e-09 -6.12645e-09 0))
1((0 0 0))
1((4.12338e-09 3.41601e-09 0))
1((-4.36372e-09 -1.94092e-09 -4.44644e-24))
1((-2.30086e-09 7.2095e-10 0))
1((3.90694e-09 3.50156e-09 0))
1((-4.71062e-09 8.57415e-10 0))
1((3.77118e-09 5.20713e-09 0))
0()
0()
0()
1((4.95545e-10 1.06712e-09 0))
0()
0()
1((-3.13432e-09 -3.29329e-09 0))
1((3.8142e-09 -3.63147e-09 0))
1((-4.81603e-10 7.40928e-09 0))
1((1.29184e-09 -9.04873e-10 0))
1((-4.00868e-09 -4.45223e-09 0))
1((0 0 0))
0()
0()
1((0 0 0))
1((0 0 0))
0()
1((0 0 0))
0()
0()
0()
0()
1((-7.44767e-07 -4.29991e-07 8.54977e-09))
1((2.02985e-09 -1.68139e-09 0))
1((-2.76247e-09 -2.69331e-08 4.82342e-24))
1((7.41946e-10 -5.30848e-09 0))
1((-5.36906e-09 1.10879e-08 0))
0()
1((4.79366e-08 -1.48018e-08 -1.36939e-23))
1((-3.1346e-08 -2.50662e-08 -1.80849e-23))
1((8.99715e-10 -3.07369e-09 -3.17143e-24))
0()
1((0 0 0))
1((-5.23808e-09 -9.16345e-09 0))
1((-2.04154e-08 -1.00564e-09 -7.42507e-24))
1((-8.8037e-09 7.84575e-09 0))
0()
1((0 0 0))
1((6.17536e-09 -7.06095e-11 0))
1((0 0 0))
1((6.2098e-10 -2.89022e-09 0))
1((-2.11643e-09 -1.45793e-09 0))
1((0 0 0))
1((7.50203e-10 -1.04945e-09 0))
1((0 0 0))
0()
1((-3.75626e-09 1.79543e-08 -3.66016e-24))
1((-1.4964e-08 -1.60204e-09 -3.0245e-27))
1((3.00107e-09 1.21633e-09 0))
1((3.64147e-09 -3.591e-10 0))
0()
1((6.01927e-09 1.65402e-09 0))
1((1.54548e-09 -5.67065e-09 0))
0()
0()
1((1.33812e-09 9.74699e-10 0))
1((0 0 0))
1((3.34394e-09 -7.17599e-09 0))
1((-1.18265e-08 2.93782e-09 0))
1((-1.26732e-09 -3.12202e-09 0))
1((-3.01412e-09 2.74121e-09 1.09554e-23))
1((-2.07792e-09 -1.89945e-09 0))
0()
1((8.56394e-09 -2.74713e-09 1.20329e-23))
1((-1.65054e-11 -1.00106e-08 1.0726e-24))
1((-2.42507e-09 -3.91529e-09 0))
1((0 0 0))
1((0 0 0))
1((8.64739e-09 8.50658e-09 0))
1((4.68103e-09 -3.33632e-09 0))
1((-1.78948e-09 -1.1424e-08 -4.87255e-24))
1((0 0 0))
1((-9.96116e-09 -5.3566e-09 1.2733e-25))
1((0 0 0))
0()
1((1.46036e-09 4.49338e-09 0))
1((-3.01362e-09 -2.17176e-09 0))
0()
1((0 0 0))
0()
0()
0()
1((0 0 0))
0()
0()
1((0 0 0))
0()
0()
0()
0()
0()
0()
0()
2((3.49866e-07 2.01995e-07 2.32355e-08) (7.15767e-09 4.12199e-09 0))
1((-5.7849e-09 7.60407e-09 0))
0()
1((1.06167e-08 1.38071e-09 6.17518e-25))
0()
1((-1.75953e-08 2.8972e-09 2.1204e-25))
1((-1.17939e-08 -3.47064e-09 -1.89762e-23))
1((-2.44672e-08 1.30309e-08 2.5357e-23))
1((-9.28754e-09 2.69832e-08 2.34121e-24))
0()
1((0 0 0))
0()
1((-2.34463e-08 8.38769e-09 5.32637e-25))
1((2.03365e-10 -8.95268e-10 0))
0()
1((0 0 0))
1((4.19225e-10 5.95709e-10 0))
1((-1.45802e-09 1.49442e-09 0))
1((-1.45015e-09 -1.05312e-09 0))
1((-1.01933e-08 -9.98335e-09 0))
0()
1((2.08777e-09 -4.71967e-09 0))
1((3.20592e-09 1.5584e-08 -1.43013e-24))
1((-6.78147e-09 1.04847e-08 3.3017e-23))
1((5.406e-09 -3.07885e-09 -2.7328e-24))
1((-9.15993e-09 1.01722e-08 -1.23744e-23))
1((-9.89822e-09 1.25055e-08 -1.95802e-24))
1((0 0 0))
1((-2.88053e-10 2.51501e-10 0))
1((-1.14125e-08 -8.29962e-09 7.02876e-24))
1((5.48721e-10 2.2685e-09 0))
1((-3.04262e-09 4.78683e-10 0))
1((5.39098e-09 5.32547e-09 0))
1((-3.71676e-09 -2.93249e-09 0))
0()
0()
0()
1((-1.22929e-08 -2.24236e-09 0))
0()
1((-1.54124e-10 1.03907e-09 0))
1((-1.00589e-09 1.75178e-09 0))
1((3.64922e-09 6.16763e-09 0))
1((-8.81024e-09 8.17e-10 0))
1((2.16855e-09 7.23409e-09 -8.19656e-24))
1((3.82934e-09 -9.28405e-10 3.51588e-24))
0()
1((0 0 0))
0()
1((1.03936e-09 2.12731e-09 0))
1((-1.31891e-09 2.38041e-09 0))
1((0 0 0))
1((0 0 0))
0()
1((-1.32152e-09 -6.79326e-09 0))
1((0 0 0))
1((0 0 0))
0()
0()
1((0 0 0))
1((-2.62747e-09 -2.54591e-09 0))
1((0 0 0))
0()
0()
0()
0()
0()
0()
0()
0()
1((0 0 0))
0()
2((7.75692e-09 4.03646e-09 1.0075e-25) (-2.70887e-08 -1.56397e-08 -4.91518e-09))
1((3.6516e-09 1.13887e-09 0))
1((4.38502e-23 -4.23076e-07 2.77155e-10))
1((-5.00602e-10 -4.24478e-09 4.08062e-25))
1((-2.14949e-09 -2.42155e-09 -4.57086e-24))
1((2.20139e-24 -9.95013e-08 7.19514e-09))
1((1.86079e-24 -4.05736e-07 -1.79405e-08))
1((-4.65569e-24 -3.94059e-07 -1.01651e-09))
1((-3.80634e-09 6.70501e-09 0))
0()
2((-3.63138e-23 1.2973e-07 2.19994e-09) (5.69179e-09 1.13006e-08 -1.03292e-23))
2((-7.51622e-24 -2.50568e-07 3.7061e-08) (6.97672e-10 2.74814e-09 0))
1((-6.24013e-10 2.25434e-10 0))
1((2.79116e-09 -2.79309e-09 -6.90183e-25))
2((5.73738e-25 -2.81544e-10 5.17941e-09) (-2.44708e-09 -4.34737e-09 0))
1((1.47841e-23 -1.95958e-07 -1.36666e-08))
0()
1((4.40732e-09 -8.02373e-10 0))
2((4.13901e-24 1.37407e-07 -8.35537e-09) (-4.34149e-10 9.10389e-10 0))
1((1.50152e-24 -1.55491e-07 -1.22588e-08))
1((-1.16064e-08 -1.48286e-08 4.72645e-24))
1((0 0 0))
0()
1((-8.49167e-09 7.84725e-09 -2.45071e-23))
2((8.92655e-22 -9.67751e-08 -5.55748e-09) (1.19639e-09 -8.13224e-09 0))
1((7.48248e-10 -6.77139e-09 0))
1((-4.89842e-09 -4.54467e-10 -8.55139e-24))
2((-4.42639e-23 7.77197e-08 -1.35952e-08) (6.02111e-09 -2.13423e-09 -8.87229e-25))
2((2.48552e-25 -6.90408e-08 2.74443e-10) (-2.26717e-09 9.66296e-10 0))
2((-5.26069e-09 4.02918e-09 0) (-6.06291e-25 -4.07747e-08 1.0552e-08))
1((2.58775e-09 -3.34552e-09 -4.26745e-25))
2((-7.8539e-26 -4.68231e-07 1.22415e-08) (-3.23322e-10 -1.3075e-08 0))
1((1.51797e-25 -7.01038e-08 -5.932e-09))
1((-4.26026e-09 2.92491e-10 0))
2((-1.06714e-25 -3.90342e-07 2.92337e-09) (-1.3341e-09 -5.88525e-09 0))
2((-1.88448e-25 -2.96259e-07 1.26705e-08) (-4.15436e-10 8.17908e-09 0))
1((-9.68822e-10 6.46909e-10 0))
2((-2.59516e-24 -1.95423e-07 1.24619e-08) (3.83087e-10 2.49969e-09 0))
2((1.58764e-25 -9.8037e-08 8.47865e-09) (2.84876e-09 8.24914e-09 -1.92809e-23))
0()
1((4.86946e-09 7.71401e-09 0))
1((-1.63089e-22 9.12768e-09 1.19131e-09))
1((0 0 0))
1((0 0 0))
1((-6.18326e-24 2.05332e-08 -3.30942e-09))
1((0 0 0))
2((-1.04791e-21 -5.8632e-08 -2.74202e-09) (-3.17526e-10 -8.49015e-10 0))
2((0 0 0) (0 -4.17482e-09 3.9078e-09))
0()
0()
2((6.8944e-23 3.64593e-09 -6.20745e-09) (5.36337e-09 3.94627e-09 0))
2((-2.40392e-23 -8.55433e-08 -2.09164e-09) (7.40489e-10 4.27831e-09 0))
1((1.00719e-09 1.12369e-08 0))
0()
1((0 0 0))
2((7.49656e-25 -3.14072e-08 -1.76223e-08) (8.00288e-10 1.10901e-08 0))
1((2.94022e-22 -1.61604e-08 5.72994e-09))
1((0 0 0))
2((-3.05146e-24 -7.16981e-08 -9.39507e-09) (0 0 0))
1((0 0 0))
1((0 0 0))
1((-6.64953e-25 -8.45097e-08 1.95762e-09))
1((4.681e-25 -2.52771e-09 -5.04332e-10))
0()
1((2.97773e-22 -1.6243e-08 5.38198e-09))
0()
1((3.32637e-22 1.79738e-08 1.09001e-09))
1((6.21015e-25 2.89336e-08 -2.63495e-09))
0()
0()
0()
0()
0()
1((5.03036e-09 -3.13987e-09 0))
1((-8.04357e-10 1.69303e-09 -1.51539e-24))
1((1.78371e-10 -1.20306e-08 -3.18878e-24))
1((7.8636e-10 -1.51896e-08 1.81783e-23))
1((2.21007e-09 -1.82849e-09 0))
0()
1((-5.64287e-10 -4.11905e-09 0))
0()
1((3.71893e-09 -2.16492e-09 -6.20004e-24))
0()
2((-1.0616e-07 -6.12918e-08 3.96e-09) (1.06472e-08 4.11237e-09 0))
1((0 0 0))
1((0 0 0))
1((8.15219e-10 -2.23497e-09 0))
1((-1.46041e-09 4.30077e-09 -5.33669e-25))
1((3.5622e-09 -9.97318e-10 0))
2((-3.77923e-07 -2.18194e-07 -3.02102e-08) (2.14969e-09 4.69445e-10 6.97288e-24))
1((0 0 0))
1((-7.20125e-09 -8.66137e-09 -4.64453e-24))
1((-2.09819e-08 -2.37616e-09 0))
1((1.25598e-08 -2.51752e-08 -3.08525e-24))
1((0 0 0))
1((-1.32919e-09 -1.41803e-09 0))
1((5.25759e-09 -9.9217e-09 7.03957e-24))
1((0 0 0))
0()
1((-1.96234e-09 -1.43241e-10 0))
0()
0()
1((-4.43068e-09 -3.67643e-09 0))
1((2.16634e-09 -3.82665e-09 0))
1((2.74784e-09 -7.84189e-10 0))
1((7.9204e-10 6.98792e-10 0))
0()
1((-3.24113e-09 -8.13541e-09 0))
0()
0()
1((0 0 0))
0()
1((-2.41666e-10 -5.10858e-10 0))
1((-9.66629e-10 -3.03149e-09 2.729e-24))
1((0 0 0))
1((5.8308e-09 -3.87377e-09 1.04062e-24))
0()
0()
1((0 0 0))
0()
0()
0()
0()
0()
0()
1((6.04567e-09 3.00632e-09 0))
)


// ************************************************************************* //
