/*--------------------------------*- C++ -*----------------------------------*\
  =========                 |
  \\      /  F ield         | OpenFOAM: The Open Source CFD Toolbox
   \\    /   O peration     | Website:  https://openfoam.org
    \\  /    A nd           | Version:  10
     \\/     M anipulation  |
\*---------------------------------------------------------------------------*/
FoamFile
{
    format      ascii;
    class       labelFieldField;
    location    "0/lagrangian/cloud";
    object      collisionRecordsPairOrigIdOfOther;
}
// * * * * * * * * * * * * * * * * * * * * * * * * * * * * * * * * * * * * * //


3300
(
1(65)
1(67)
2(68 3)
2(2 69)
2(70 5)
2(6 4)
3(5 7 72)
3(6 8 73)
3(9 7 10)
3(8 75 74)
3(8 76 11)
2(10 12)
2(78 11)
2(78 14)
2(13 15)
4(16 79 81 14)
3(15 17 81)
2(18 16)
4(83 17 19 82)
2(20 18)
3(19 21 85)
2(20 22)
3(23 21 86)
4(22 87 24 88)
2(23 25)
3(26 88 24)
3(27 25 90)
3(26 29 28)
2(27 91)
3(27 30 93)
3(29 31 94)
3(30 32 33)
3(96 31 95)
2(31 98)
2(105 107)
2(108 107)
1(108)
1(38)
4(108 111 39 37)
3(38 42 40)
2(39 43)
3(111 114 42)
3(39 44 41)
2(44 40)
5(43 115 45 42 114)
3(44 117 46)
2(45 47)
2(46 48)
3(120 47 49)
2(50 48)
4(51 121 49 123)
2(52 50)
3(53 51 124)
4(52 54 55 125)
3(53 127 126)
2(53 56)
2(55 57)
3(128 58 56)
3(57 130 59)
3(60 58 130)
4(59 61 133 131)
2(60 62)
3(63 61 134)
4(62 135 64 137)
2(65 63)
3(66 64 0)
4(67 65 138 139)
4(66 68 140 1)
4(69 67 2 141)
4(68 142 70 3)
4(4 144 69 71)
3(70 72 145)
3(71 6 146)
2(147 7)
3(75 147 9)
4(9 150 74 76)
3(10 75 77)
1(76)
4(152 12 13 79)
3(15 152 78)
2(153 81)
5(80 156 15 82 16)
3(81 18 156)
3(18 84 157)
3(83 160 85)
3(86 84 20)
3(85 22 161)
3(161 163 23)
4(163 25 23 89)
2(163 88)
2(165 26)
3(28 92 165)
5(91 168 93 167 169)
2(92 29)
3(30 95 169)
3(170 94 32)
3(32 97 171)
3(96 98 174)
3(97 33 99)
3(98 246 101)
1(103)
1(99)
3(174 175 246)
3(246 100 104)
1(103)
3(177 178 34)
3(178 107 179)
5(35 180 106 34 109)
4(35 36 38 109)
3(107 110 108)
2(180 109)
3(112 38 41)
4(111 113 182 183)
4(112 183 114 185)
4(185 44 113 41)
3(116 44 185)
3(188 115 186)
3(45 188 118)
2(117 120)
4(191 188 120 189)
4(121 48 119 118)
4(120 122 50 191)
4(121 193 191 123)
4(124 122 194 50)
3(123 52 125)
3(195 53 124)
4(196 54 198 127)
3(199 54 126)
3(199 57 129)
2(128 201)
4(58 201 131 59)
3(130 132 60)
4(204 133 202 131)
3(134 60 132)
4(133 135 62 205)
4(63 205 136 134)
2(135 208)
2(138 63)
3(66 208 137)
4(209 140 66 210)
4(67 211 139 141)
3(142 140 68)
4(144 212 69 141)
2(213 144)
4(142 70 145 143)
4(144 146 216 71)
3(145 147 72)
4(146 148 73 74)
3(147 218 149)
3(148 150 219)
5(151 75 221 149 220)
2(152 150)
5(151 78 153 79 222)
4(154 152 80 222)
4(153 224 155 225)
4(154 156 226 225)
4(155 157 81 82)
3(158 156 83)
4(157 159 228 229)
4(158 160 229 230)
3(161 84 159)
4(160 87 231 86)
2(231 163)
5(164 87 88 162 89)
4(163 165 234 235)
4(164 91 166 90)
3(167 165 235)
3(166 238 92)
3(92 239 170)
2(92 94)
4(239 95 171 168)
3(170 172 96)
5(241 240 243 171 173)
2(172 174)
4(97 173 246 102)
3(243 102 245)
3(247 177 249)
3(176 249 105)
4(250 106 105 179)
3(178 251 106)
3(181 107 110)
4(180 252 182 251)
3(253 181 112)
4(253 184 113 112)
3(185 255 183)
5(186 115 184 114 113)
4(257 185 116 187)
3(186 189 260)
4(116 119 117 189)
4(190 188 187 119)
4(262 189 192 260)
4(192 119 122 121)
4(263 191 193 190)
4(265 122 192 194)
4(123 193 266 195)
2(194 125)
3(266 126 197)
3(196 268 198)
3(126 197 270)
3(128 270 127)
2(270 201)
4(130 272 200 129)
2(272 132)
3(273 204 275)
4(203 205 132 276)
4(204 135 134 206)
2(276 205)
3(277 208 279)
4(209 136 207 138)
4(208 139 280 210)
4(211 280 139 209)
4(212 140 210 282)
4(211 142 283 213)
4(212 143 284 214)
3(284 215 213)
2(214 216)
3(217 145 215)
4(216 218 287 288)
5(217 148 219 288 289)
5(220 289 218 149 290)
4(219 221 150 291)
4(150 292 222 220)
4(221 153 152 223)
2(222 293)
4(154 293 295 294)
4(296 154 295 155)
2(155 227)
4(228 296 297 226)
5(227 298 158 229 299)
5(228 300 230 158 159)
4(231 229 159 301)
4(230 161 232 162)
3(233 231 301)
4(234 302 232 304)
3(233 164 305)
3(236 164 166)
3(235 237 306)
3(236 238 308)
4(167 309 237 239)
5(168 170 240 309 238)
3(239 172 310)
4(172 311 242 310)
3(241 313 244)
3(172 244 175)
3(315 243 242)
2(175 316)
4(174 103 99 102)
3(320 176 248)
3(247 321 320)
4(250 177 176 321)
3(322 249 178)
3(322 181 179)
3(324 181 253)
4(254 182 183 252)
5(253 327 326 324 255)
3(256 254 184)
3(257 255 328)
4(186 259 256 258)
2(328 257)
4(261 257 260 331)
3(259 187 190)
4(262 331 259 333)
3(263 261 190)
4(264 192 262 334)
4(263 336 265 335)
4(193 337 264 266)
4(196 265 194 267)
2(266 337)
5(269 338 339 340 197)
3(268 270 341)
5(271 199 269 200 198)
3(270 343 272)
4(201 271 202 273)
4(203 343 274 272)
4(346 273 344 275)
2(203 274)
4(204 277 347 206)
5(207 347 278 276 348)
3(277 350 279)
2(278 207)
3(351 209 210)
3(351 282 353)
3(281 283 211)
4(212 354 282 284)
5(283 285 355 214 213)
3(284 357 286)
2(287 285)
3(358 217 286)
3(359 218 217)
3(219 360 218)
2(219 361)
3(220 363 362)
3(293 221 363)
5(292 224 294 364 223)
4(293 365 366 224)
3(224 367 225)
4(225 227 297 367)
4(368 298 296 227)
4(297 228 370 299)
3(300 298 228)
4(372 229 299 301)
4(300 230 232 302)
4(372 233 303 301)
4(373 375 302 304)
2(303 233)
2(234 306)
5(377 236 305 376 307)
3(306 379 308)
2(307 237)
3(380 238 239)
3(381 240 241)
4(312 381 241 382)
2(311 313)
3(312 314 242)
4(385 315 313 387)
4(244 314 316 387)
3(317 245 315)
2(316 388)
3(391 390 319)
1(318)
4(392 247 393 248)
2(248 249)
4(395 251 250 323)
2(322 395)
4(252 325 254 326)
3(324 397 398)
4(254 398 324 399)
3(329 254 328)
3(327 258 256)
4(327 330 400 401)
2(329 331)
4(330 261 332 259)
4(331 404 402 333)
4(405 261 332 334)
2(333 263)
2(406 264)
4(264 408 337 407)
4(338 265 336 267)
4(337 268 409 339)
3(411 338 268)
3(268 412 341)
2(269 340)
4(343 413 412 344)
3(342 271 273)
3(274 342 415)
3(415 346 418)
4(345 347 274 419)
4(346 277 348 276)
4(349 277 419 347)
3(348 421 350)
3(351 278 349)
5(281 280 350 352 422)
4(353 423 351 424)
4(354 352 281 425)
3(353 283 355)
4(354 356 426 284)
2(355 428)
3(358 285 428)
4(287 357 359 429)
4(430 288 358 360)
4(431 289 359 361)
3(432 290 360)
3(433 291 434)
4(434 292 291 364)
3(365 363 293)
4(294 436 437 364)
4(294 437 367 438)
5(368 438 295 366 296)
4(297 439 367 369)
2(368 370)
4(298 442 371 369)
2(370 372)
4(302 300 373 371)
4(443 303 374 372)
3(373 446 375)
4(376 303 374 447)
3(375 306 377)
4(378 306 448 376)
4(377 379 451 449)
3(378 380 307)
4(379 309 381 452)
4(380 382 310 311)
4(454 381 311 383)
2(382 384)
2(383 385)
4(456 314 386 384)
1(385)
3(314 388 315)
3(387 317 459)
3(533 390 460)
3(318 462 389)
4(318 392 463 462)
3(320 391 465)
3(320 394 465)
1(393)
3(396 322 323)
5(395 397 466 468 467)
4(396 469 325 468)
5(326 470 469 325 399)
2(398 326)
4(329 471 472 401)
4(473 329 402 400)
3(401 332 403)
3(404 402 474)
4(476 332 403 405)
3(406 333 404)
4(477 405 407 335)
3(406 336 478)
3(409 336 479)
4(408 410 338 480)
3(409 482 481)
4(339 483 482 412)
4(411 342 413 340)
5(483 415 342 412 414)
3(484 486 413)
4(413 416 345 344)
3(415 417 487)
4(489 418 416 487)
4(417 345 419 490)
4(346 348 418 420)
2(419 490)
3(492 349 422)
3(493 351 421)
2(352 494)
3(352 495 496)
3(353 426 496)
3(497 355 425)
3(497 428 499)
4(500 356 357 427)
2(500 358)
2(501 359)
3(360 502 432)
4(431 433 504 361)
3(432 505 362)
4(363 505 435 362)
2(434 506)
3(507 365 506)
4(508 365 509 366)
4(367 439 366 509)
4(510 368 438 440)
3(439 512 441)
3(442 440 513)
4(443 441 370 514)
3(442 373 444)
2(514 443)
4(515 446 516 517)
3(447 445 374)
3(448 446 375)
4(447 377 519 449)
4(448 378 520 450)
3(521 449 451)
4(523 378 452 450)
3(380 453 451)
4(523 452 454 524)
4(382 525 453 455)
2(454 456)
4(385 455 527 457)
2(456 458)
4(457 530 529 459)
2(458 388)
3(461 602 389)
3(605 460 533)
4(533 391 390 463)
4(464 534 391 462)
2(463 537)
3(392 466 393)
3(396 465 537)
4(537 468 539 396)
5(540 467 397 396 539)
5(541 397 470 398 540)
3(471 469 398)
4(400 470 543 542)
3(400 473 543)
3(474 401 472)
5(473 475 545 546 403)
3(474 476 547)
3(477 475 404)
3(406 476 549)
3(407 550 549)
3(408 550 480)
3(481 479 409)
3(553 410 480)
4(554 410 483 411)
4(413 482 484 411)
4(485 483 554 414)
4(484 557 555 486)
3(487 485 414)
4(558 486 416 417)
2(558 489)
5(417 491 561 488 490)
3(418 489 420)
2(492 489)
3(491 421 563)
2(422 563)
3(564 423 495)
3(424 567 494)
3(424 497 425)
5(427 567 426 498 496)
4(569 499 497 568)
4(500 498 570 427)
5(571 501 499 429 428)
4(500 502 430 572)
4(573 431 501 503)
1(502)
3(575 432 505)
4(434 576 433 504)
4(576 436 577 435)
4(577 508 436 579)
3(580 507 437)
4(580 437 510 438)
4(439 581 509 511)
4(512 582 581 510)
4(513 511 440 584)
4(512 514 585 441)
4(515 442 513 444)
3(585 445 514)
4(586 588 445 517)
3(445 516 518)
1(517)
2(590 448)
2(591 449)
3(591 522 450)
3(521 523 594)
3(453 451 522)
2(594 453)
3(595 526 454)
3(525 527 597)
4(598 528 456 526)
2(527 529)
4(528 600 458 601)
1(458)
3(604 602 603)
2(602 676)
3(461 462 389)
3(606 463 535)
4(608 536 534 607)
3(535 538 537)
4(467 464 466 536)
2(536 539)
5(467 611 538 468 610)
3(612 468 469)
3(612 469 542)
4(614 541 543 471)
5(544 542 615 471 472)
2(545 543)
4(617 474 544 546)
4(618 474 547 545)
3(548 546 475)
3(547 549 620)
5(621 477 550 548 478)
5(479 622 478 549 551)
1(550)
3(553 623 622)
4(554 552 481 625)
4(482 555 553 484)
4(556 554 626 485)
3(555 628 557)
4(558 485 556 629)
4(559 557 487 488)
3(558 631 560)
2(561 559)
3(489 562 560)
3(563 561 633)
5(493 634 492 564 562)
4(565 634 494 563)
3(637 564 566)
3(565 567 638)
4(566 497 495 568)
3(567 639 498)
3(640 498 570)
3(499 641 569)
3(500 642 572)
4(571 501 643 573)
4(644 502 574 572)
3(573 646 575)
3(504 574 647)
3(647 505 506)
4(647 507 506 578)
2(577 650)
2(507 651)
4(508 581 651 509)
5(652 580 510 511 582)
5(583 653 652 511 581)
4(582 584 655 654)
4(583 585 512 656)
4(515 584 586 513)
4(516 587 585 656)
4(586 659 657 588)
4(516 660 587 589)
1(588)
3(519 661 591)
5(662 521 590 592 520)
3(664 591 593)
2(592 594)
5(522 595 593 524 666)
4(525 666 596 594)
3(595 668 597)
2(596 526)
3(599 527 669)
3(598 671 600)
4(672 529 599 601)
2(600 529)
3(460 531 532)
3(3 531 676)
3(606 677 461)
4(605 534 607 678)
4(606 679 535 608)
4(680 535 609 607)
2(608 610)
4(609 539 681 682)
2(539 683)
4(683 541 540 613)
3(612 614 685)
4(542 613 686 615)
3(616 543 614)
3(615 688 617)
5(689 545 688 616 618)
5(546 689 619 617 690)
2(618 620)
4(619 621 692 548)
4(693 549 622 620)
3(552 621 550)
4(552 694 693 624)
3(623 696 625)
2(624 553)
3(697 555 627)
3(697 628 626)
3(556 700 627)
2(557 630)
3(700 631 629)
4(559 702 632 630)
3(633 631 704)
4(632 634 562 705)
5(564 633 563 705 635)
3(634 705 636)
4(637 706 635 708)
4(565 709 636 638)
3(566 639 637)
3(638 640 568)
4(641 710 569 639)
4(640 642 712 570)
4(571 643 641 713)
3(644 642 572)
4(573 715 643 645)
3(646 644 717)
4(718 647 645 574)
5(646 577 576 648 575)
2(647 649)
3(648 721 720)
2(578 721)
4(580 722 579 652)
4(581 723 582 651)
4(654 582 724 723)
4(653 583 726 655)
4(656 726 583 654)
4(655 586 657 584)
4(587 658 656 727)
4(728 659 730 657)
4(660 658 587 731)
3(659 661 588)
4(660 662 590 732)
4(591 661 733 663)
4(733 664 662 734)
5(735 592 665 663 736)
2(666 664)
4(665 595 667 594)
3(666 668 737)
5(740 667 596 739 669)
4(668 598 670 740)
2(669 741)
2(599 742)
2(600 743)
2(1 674)
2(532 604)
4(605 4 5 678)
3(606 677 679)
3(607 6 678)
4(608 8 7 681)
3(680 682 610)
2(681 610)
4(612 10 611 684)
2(12 683)
4(13 613 686 12)
3(687 614 685)
3(686 15 688)
5(616 16 15 617 687)
5(617 16 690 618 17)
3(691 689 618)
3(690 692 19)
4(691 693 620 20)
4(621 692 623 694)
4(21 623 693 695)
4(694 22 696 23)
4(695 697 624 24)
4(696 698 626 627)
3(697 699 25)
4(700 698 27 26)
5(628 27 630 701 699)
4(702 700 28 29)
5(701 631 29 30 703)
2(702 704)
4(703 705 744 632)
5(704 634 706 635 633)
4(636 744 707 705)
4(747 706 745 708)
3(707 636 748)
2(637 710)
4(709 749 640 711)
4(712 749 710 751)
4(711 713 641 752)
3(714 712 642)
3(713 715 753)
4(644 754 714 716)
2(715 756)
2(645 757)
2(646 719)
3(720 718 757)
5(760 719 649 758 721)
4(761 649 650 720)
2(761 651)
4(762 652 761 653)
4(762 764 725 653)
3(724 726 765)
5(725 655 727 766 654)
2(726 657)
3(766 658 729)
4(767 728 730 769)
4(770 658 729 731)
2(659 730)
2(771 661)
3(772 662 663)
4(735 772 663 773)
4(775 734 664 736)
4(735 664 737 776)
2(736 667)
2(776 739)
3(738 668 779)
4(668 779 741 669)
4(780 742 740 670)
4(741 671 781 743)
3(672 782 742)
2(754 795)
3(757 716 795)
4(717 758 756 719)
4(759 757 796 720)
4(758 760 797 799)
4(761 720 800 759)
5(760 722 762 721 723)
5(801 723 724 761 763)
5(764 801 762 803 802)
4(763 765 724 804)
4(764 766 725 805)
4(728 765 767 726)
4(766 768 805 729)
3(806 769 767)
4(768 770 809 729)
4(769 771 730 810)
3(772 770 732)
4(771 734 811 733)
4(811 774 812 734)
4(775 773 814 813)
4(735 815 774 776)
4(775 738 777 736)
3(815 778 776)
3(777 779 818)
4(778 780 740 739)
4(819 779 741 781)
4(780 782 820 742)
3(781 743 821)
5(794 835 755 756 796)
2(795 758)
3(835 759 798)
2(836 797)
3(839 759 800)
3(760 801 799)
5(840 762 763 800 802)
4(841 801 842 763)
3(843 763 804)
4(764 844 803 805)
3(804 767 765)
3(768 844 807)
4(845 808 806 847)
3(848 807 809)
4(769 849 810 808)
3(811 809 770)
4(850 772 773 810)
3(850 773 813)
4(812 774 853 814)
3(774 813 854)
3(775 816 777)
3(815 855 817)
2(816 818)
3(778 819 817)
5(858 780 857 820 818)
4(819 821 781 859)
3(820 860 782)
3(833 835 141)
4(834 797 836 795)
4(141 837 835 798)
3(837 839 145)
3(838 840 799)
4(801 146 841 839)
4(841 843 802 149)
5(842 150 803 844 149)
5(804 843 806 150 845)
4(846 150 807 844)
4(847 849 808 155)
3(850 848 809)
5(811 156 812 849 851)
2(853 814)
2(856 819)
3(820 166 858)
2(821 166)
3(38 677 6)
3(7 5 679)
3(14 685 45)
2(531 674)
3(49 18 689)
2(692 19)
3(56 695 24)
5(5 37 39 71 70)
2(23 696)
3(6 8 680)
3(673 603 675)
4(706 31 745 704)
5(700 28 59 699 26)
4(683 42 9 11)
2(747 708)
2(744 30)
2(8 10)
2(694 53)
2(677 36)
3(52 691 20)
4(746 744 783 707)
4(49 689 688 15)
4(9 7 680 40)
3(684 45 685)
5(31 62 702 29 63)
4(788 710 750 711)
3(25 27 699)
2(753 712)
3(787 707 748)
4(702 61 30 701)
3(745 63 784)
3(750 711 791)
4(752 754 792 714)
4(715 793 755 753)
3(140 836 834)
2(10 44)
3(13 15 46)
5(14 48 687 16 688)
2(17 51)
2(695 54)
4(26 56 58 698)
4(60 27 701 61)
3(40 38 72)
3(39 41 8)
2(42 40)
4(10 74 41 43)
3(42 75 76)
3(11 77 45)
4(77 13 44 12)
3(47 78 14)
3(48 46 80)
3(15 81 47)
4(50 81 16 17)
3(49 51 82)
4(50 52 84 18)
3(19 53 51)
4(54 52 21 85)
5(53 55 86 87 22)
3(54 56 88)
4(55 25 23 57)
4(88 56 90 58)
3(25 91 57)
2(91 27)
4(92 28 61 93)
5(29 93 60 28 94)
4(30 94 95 63)
4(62 783 30 822)
5(36 70 102 101 68)
3(69 38 103)
4(104 38 72 103)
3(73 71 39)
2(72 74)
4(42 73 75 106)
4(108 74 43 76)
3(43 75 109)
4(45 78 109 44)
4(77 110 46 79)
3(78 80 112)
2(79 47)
4(49 113 82 48)
4(83 81 114 50)
3(82 84 116)
4(83 85 117 51)
4(53 86 84 117)
4(85 119 54 118)
4(54 120 119 88)
4(57 87 55 89)
2(120 88)
3(57 123 91)
4(92 58 59 90)
3(60 124 91)
4(61 125 126 60)
4(62 126 61 95)
4(128 62 94 822)
4(240 167 64 168)
3(32 169 33)
3(66 170 99)
4(171 98 242 67)
3(171 68 172)
3(173 69 68)
4(69 174 173 103)
5(70 175 71 102 104)
5(71 176 175 105 103)
2(104 106)
4(74 177 105 107)
4(177 108 106 179)
4(75 180 107 109)
4(77 180 108 76)
3(181 111 78)
3(110 112 183)
3(111 113 79)
4(81 112 114 184)
4(185 82 113 115)
3(114 116 187)
4(115 117 83 188)
5(118 84 116 85 188)
3(117 190 86)
3(191 86 87)
3(87 121 89)
3(192 122 120)
2(121 123)
3(124 90 122)
4(125 195 92 123)
4(124 93 126 197)
5(198 94 125 127 93)
3(126 128 199)
4(95 129 823 127)
4(199 824 128 130)
3(131 200 129)
4(130 132 203 824)
2(133 131)
3(827 204 132)
2(205 828)
3(136 828 206)
2(137 135)
3(136 138 831)
4(832 139 137 209)
3(138 211 140)
4(212 139 833 141)
3(212 837 143)
4(144 213 215 142)
3(143 145 216)
3(144 146 838)
4(840 217 145 147)
3(218 841 146)
3(841 220 219)
4(842 220 843 221)
4(222 150 846 152)
3(222 153 151)
4(846 154 225 152)
4(847 226 155 153)
3(154 848 156)
3(850 227 155)
3(158 851 227)
3(157 159 230)
4(852 160 158 231)
3(161 159 853)
4(855 232 160 162)
4(233 856 161 163)
2(162 856)
2(235 858)
3(858 237 236)
3(237 859 860)
2(239 96)
2(96 169)
2(168 97)
4(98 241 312 242)
3(313 100 99)
2(100 243)
4(245 244 101 102)
3(245 102 175)
5(104 246 247 103 174)
3(177 104 247)
5(176 178 106 107 248)
4(250 177 179 249)
4(178 251 180 107)
5(181 109 108 251 179)
4(110 252 180 182)
3(181 183 253)
4(254 182 184 111)
4(113 185 255 183)
4(186 114 256 184)
4(185 258 187 257)
3(186 188 115)
5(189 187 117 259 116)
3(188 190 261)
3(118 262 189)
3(192 119 262)
4(191 263 193 121)
3(192 265 194)
2(195 193)
4(124 266 194 196)
2(197 195)
4(198 196 269 125)
4(197 199 126 270)
4(129 198 200 127)
4(130 201 199 270)
4(202 200 271 273)
3(201 203 274)
3(204 202 131)
4(133 203 205 275)
4(134 204 276 206)
4(277 135 205 207)
3(206 208 279)
2(207 209)
4(138 208 210 280)
2(209 282)
2(283 139)
3(140 142 213)
5(212 284 283 143 214)
2(213 285)
3(287 143 216)
2(215 144)
3(146 288 218)
5(289 147 217 290 219)
3(218 291 148)
4(292 148 149 221)
3(149 222 220)
5(293 151 223 221 152)
3(224 293 222)
3(296 223 225)
3(226 224 153)
3(225 227 154)
5(298 156 226 228 157)
3(229 227 299)
3(228 301 230)
3(302 158 229)
2(232 159)
4(303 161 233 231)
5(234 232 162 304 305)
2(233 235)
4(164 306 234 236)
2(235 165)
3(308 165 166)
2(239 309)
3(310 167 238)
3(241 96 310)
4(170 312 240 311)
3(312 99 170)
5(313 244 314 315 172)
4(173 245 243 316)
5(317 173 244 174 316)
2(317 175)
4(318 176 175 248)
2(247 177)
4(319 250 178 321)
4(322 178 249 251)
5(180 322 252 250 179)
4(323 181 253 251)
4(325 252 254 182)
4(183 326 253 325)
2(326 184)
3(185 327 257)
4(256 329 186 328)
4(259 186 329 330)
3(258 188 260)
4(259 331 261 332)
3(333 189 260)
3(190 263 191)
4(264 334 262 192)
3(263 265 336)
4(264 337 193 266)
4(195 337 265 267)
3(339 266 268)
2(267 269)
4(197 341 268 270)
4(271 198 200 269)
4(270 341 272 201)
3(271 344 273)
4(274 345 201 272)
5(202 273 346 275 345)
3(346 204 274)
2(347 205)
3(206 348 278)
4(277 279 350 349)
3(278 280 207)
4(279 209 351 281)
2(351 280)
2(210 353)
4(284 211 213 354)
4(285 283 355 213)
5(286 356 284 357 214)
2(285 287)
3(288 286 215)
4(217 287 289 359)
5(288 218 360 290 361)
4(218 362 289 291)
4(219 363 292 290)
3(293 220 291)
5(364 222 292 294 223)
4(295 293 364 366)
3(294 296 367)
3(297 224 295)
2(298 296)
3(369 227 297)
3(369 228 300)
1(299)
3(302 229 373)
3(303 301 230)
4(232 374 302 304)
5(303 233 305 376 375)
3(304 233 306)
4(235 377 307 305)
1(306)
2(237 379)
3(451 238 381)
4(239 382 311 240)
3(310 383 241)
5(241 384 170 383 242)
3(384 171 243)
3(386 385 243)
4(243 316 386 387)
4(315 388 244 245)
3(389 245 246)
3(389 247 319)
4(249 318 320 390)
4(392 319 390 321)
2(320 249)
4(323 250 393 251)
4(252 394 322 324)
3(323 325 396)
5(397 253 326 254 324)
5(255 254 327 325 397)
4(256 398 326 328)
3(327 400 257)
4(401 257 258 330)
3(331 258 329)
5(330 402 332 403 260)
2(331 260)
2(261 334)
5(263 405 404 335 333)
2(334 407)
2(264 408)
4(408 266 265 338)
3(337 339 410)
4(338 340 267 411)
3(339 341 412)
4(340 271 269 342)
2(412 341)
3(344 413 415)
4(416 343 272 345)
5(346 344 273 274 417)
4(347 345 275 274)
4(418 276 346 348)
4(419 277 347 349)
3(348 420 278)
3(278 421 351)
4(350 422 280 281)
2(353 422)
4(352 354 282 424)
4(355 283 353 425)
5(284 354 356 426 425)
4(427 285 355 357)
3(285 358 356)
3(357 359 429)
4(288 430 360 358)
4(431 289 359 361)
3(433 289 360)
3(434 290 363)
3(362 364 291)
5(435 293 365 363 294)
4(366 364 435 437)
4(365 438 367 294)
3(368 295 366)
1(367)
3(298 440 299)
2(371 440)
2(370 372)
3(444 371 373)
3(374 301 372)
4(445 303 375 373)
5(446 376 374 304 447)
3(375 377 304)
4(376 306 378 448)
3(379 377 449)
3(450 308 378)
3(522 593 451)
1(309)
3(523 453 310)
4(454 455 311 312)
4(385 313 455 312)
4(384 457 314 456)
5(458 314 315 387 457)
3(386 315 459)
2(316 460)
4(460 318 317 390)
4(319 391 389 320)
2(390 462)
3(463 393 320)
3(322 392 394)
5(465 323 395 464 393)
3(467 394 396)
2(395 324)
4(398 325 468 326)
4(469 327 397 399)
2(398 471)
2(328 471)
3(472 329 402)
4(473 403 331 401)
3(402 404 331)
3(403 334 475)
3(334 476 406)
3(405 478 477)
3(335 479 408)
5(479 337 336 409 407)
3(408 481 410)
4(338 482 409 411)
4(483 339 410 412)
4(340 413 411 342)
4(483 343 412 414)
4(413 486 484 415)
3(414 416 343)
4(344 488 417 415)
2(416 345)
3(347 489 419)
4(490 420 348 418)
4(419 421 492 349)
4(422 420 350 493)
3(421 352 351)
2(424 493)
4(423 425 353 495)
5(424 355 354 426 496)
4(355 427 425 497)
5(356 498 428 426 497)
2(429 427)
4(430 428 500 358)
4(359 431 429 501)
4(502 430 360 432)
3(431 433 504)
4(434 361 432 505)
3(433 435 362)
5(364 436 506 434 365)
4(435 508 437 507)
4(438 436 509 365)
4(439 366 437 510)
2(438 440)
5(439 441 369 511 370)
3(440 442 512)
3(441 514 443)
2(442 444)
3(445 372 443)
4(374 444 516 446)
4(375 517 447 445)
3(448 446 375)
4(447 449 377 519)
3(520 448 378)
2(379 521)
3(309 380 452)
2(451 523)
4(454 382 595 524)
4(453 383 525 526)
3(526 384 383)
2(526 385)
3(385 528 386)
3(386 459 528)
2(458 387)
4(389 531 388 461)
2(460 531)
3(532 463 391)
3(464 462 392)
3(463 394 535)
4(394 536 466 535)
2(465 538)
3(395 539 468)
3(397 469 467)
4(398 540 468 470)
2(469 542)
4(543 399 472 400)
3(473 401 471)
4(472 544 402 474)
2(475 473)
3(404 474 476)
5(405 547 546 475 477)
3(548 476 406)
2(406 550)
4(550 408 407 480)
2(479 552)
2(409 553)
3(483 410 553)
4(482 413 484 411)
4(483 485 414 554)
4(484 486 557 555)
4(558 414 485 487)
3(488 486 559)
3(489 416 487)
4(418 560 488 490)
4(419 489 491 561)
3(490 492 563)
4(491 493 420 564)
4(492 423 421 494)
3(564 495 493)
3(496 494 424)
3(567 495 425)
4(567 427 426 568)
4(569 427 568 499)
2(498 500)
4(429 571 501 499)
4(500 430 502 572)
4(573 431 503 501)
4(502 504 575 574)
4(432 505 576 503)
3(506 504 433)
4(577 435 505 507)
5(578 436 506 579 508)
4(436 580 507 509)
4(581 437 508 510)
2(509 438)
3(440 582 512)
4(583 441 513 511)
3(585 512 584)
3(442 515 586)
2(516 514)
4(445 587 517 515)
4(588 516 518 446)
2(517 519)
4(518 520 448 590)
4(521 591 449 519)
3(450 520 592)
4(664 380 593 594)
4(382 594 665 452)
4(453 596 525 666)
5(526 596 454 668 524)
5(597 455 525 454 456)
2(597 528)
5(529 599 457 527 458)
3(530 528 600)
4(531 529 601 602)
4(532 530 460 461)
4(531 533 462 603)
4(532 605 534 604)
2(533 535)
3(534 465 464)
4(607 465 537 606)
3(536 609 538)
4(466 610 539 537)
4(467 540 538 610)
4(469 611 541 539)
2(613 540)
2(470 613)
3(471 544 614)
4(545 543 615 473)
2(544 546)
3(476 545 617)
3(476 618 548)
4(549 618 477 547)
2(550 548)
5(479 621 549 478 551)
2(550 623)
2(480 623)
4(624 482 481 554)
3(553 555 484)
4(554 556 485 625)
4(626 557 555 628)
4(629 485 556 558)
4(486 630 557 559)
2(487 558)
3(489 631 561)
4(632 490 562 560)
3(561 634 563)
4(635 491 562 564)
4(492 565 494 563)
4(566 636 564 635)
2(565 567)
4(566 497 638 496)
4(638 498 639 497)
4(498 640 639 570)
2(571 569)
4(500 570 642 572)
2(571 501)
4(502 644 643 574)
4(573 646 503 575)
3(647 503 574)
2(577 504)
4(506 648 576 578)
3(507 649 577)
3(507 650 651)
4(581 508 651 652)
3(582 580 509)
4(583 581 511 653)
4(582 654 584 512)
4(583 656 513 585)
4(657 513 584 586)
3(587 585 514)
4(658 516 588 586)
5(659 517 660 589 587)
2(588 590)
4(589 591 661 519)
3(662 520 590)
2(521 663)
2(522 380)
3(523 522 664)
2(665 453)
3(525 667 524)
4(598 526 668 527)
4(597 599 670 669)
4(528 598 600 670)
4(599 601 529 671)
4(530 672 600 673)
3(530 673 603)
3(674 532 602)
4(675 533 676 605)
4(533 677 604 606)
2(605 536)
4(678 536 677 608)
2(607 680)
3(537 681 680)
4(611 538 681 539)
5(540 682 610 681 612)
2(611 684)
4(541 685 614 542)
3(613 543 615)
4(686 544 616 614)
2(615 617)
2(616 546)
4(688 619 547 548)
4(690 620 618 689)
3(621 619 691)
4(550 620 692 622)
2(694 621)
3(551 694 552)
3(553 695 625)
3(624 626 555)
4(627 556 696 625)
3(699 626 697)
3(556 700 629)
3(557 701 628)
3(558 631 701)
5(702 560 701 632 630)
4(561 703 631 633)
2(632 705)
2(706 562)
3(636 563 565)
5(565 707 635 706 637)
3(636 709 638)
3(637 568 567)
3(709 569 568)
4(711 569 710 641)
2(642 640)
4(643 641 571 713)
3(642 573 714)
3(715 573 645)
4(644 646 716 717)
2(645 574)
2(575 718)
2(719 577)
4(719 578 720 650)
5(579 721 649 722 651)
4(580 723 579 650)
3(580 723 653)
3(652 654 582)
4(655 725 583 653)
4(654 656 726 727)
4(584 728 657 655)
3(658 656 585)
4(587 729 657 659)
5(588 658 730 660 731)
4(588 731 661 659)
3(660 662 590)
4(591 663 733 661)
3(734 662 592)
5(522 1 594 736 735)
3(737 523 595)
2(737 524)
3(738 596 739)
3(739 597 525)
3(739 598 670)
5(741 598 599 669 671)
3(742 600 670)
3(743 601 673)
5(674 672 601 602 744)
3(673 675 603)
3(604 746 674)
3(604 748 747)
4(605 678 748 607)
4(607 749 679 677)
2(751 678)
3(609 751 608)
4(752 609 611 610)
3(611 753 683)
3(682 755 684)
3(683 685 612)
3(686 613 684)
5(757 687 685 756 615)
2(686 688)
3(687 618 689)
4(759 688 690 619)
5(619 761 760 691 689)
3(692 690 620)
4(763 621 693 691)
2(692 765)
4(622 766 695 623)
4(766 624 694 696)
3(695 626 697)
4(767 627 696 698)
4(768 699 697 770)
4(698 700 771 627)
3(699 701 628)
4(631 700 629 630)
4(631 773 703 772)
4(704 702 632 774)
4(703 776 705 774)
4(704 706 777 633)
3(705 636 634)
3(778 636 708)
3(707 709 780)
4(708 639 710 637)
3(780 640 709)
4(640 782 781 712)
2(711 713)
4(712 642 714 784)
2(713 643)
4(644 786 785 716)
4(715 717 787 645)
3(718 716 645)
2(717 647)
4(648 789 649 720)
4(791 719 649 721)
4(720 650 792 722)
2(650 721)
4(794 651 652 724)
2(723 725)
5(795 654 726 724 796)
4(727 725 797 655)
4(726 728 655 798)
3(729 727 656)
5(730 728 658 799 800)
5(729 801 731 659 800)
5(730 660 732 659 802)
2(731 733)
5(732 662 804 734 803)
3(663 805 733)
4(0 1 664 143)
4(737 664 1 2)
4(665 738 736 666)
4(667 73 737 3)
4(4 668 669 667)
1(4)
3(670 7 6)
3(7 743 671)
4(743 745 673 9)
2(744 10)
2(746 676)
3(13 676 677)
4(678 13 750 14)
5(17 679 752 750 680)
3(681 753 751)
5(682 18 17 754 752)
4(754 756 683 21)
4(755 686 757 21)
4(686 22 758 756)
2(757 759)
3(689 758 760)
3(690 24 759)
2(761 763)
4(28 692 764 762)
2(763 30)
3(693 31 766)
5(695 31 694 767 765)
3(766 768 697)
5(698 767 769 33 32)
3(769 771 698)
3(770 772 699)
3(702 771 37)
4(702 38 774 37)
4(773 775 703 704)
4(42 704 775 777)
2(776 705)
4(707 42 779 43)
3(778 780 45)
4(781 779 710 708)
3(780 782 711)
3(785 783 713)
3(784 715 50)
3(789 787 53)
3(719 788 790)
2(789 791)
3(791 793 721)
3(792 794 58)
3(795 723 793)
3(725 59 794)
3(803 801 731)
4(802 68 733 804)
4(733 69 803 805)
3(734 70 804)
3(95 784 63)
2(822 783)
3(785 128 824)
2(823 786)
4(825 129 131 823)
2(745 786)
4(746 826 785 787)
2(824 826)
3(825 827 786)
3(788 747 786)
2(96 65)
3(98 33 34)
2(64 32)
5(788 133 828 826 789)
3(749 827 787)
2(34 68)
2(34 99)
1(33)
4(1 66 35 67)
2(827 750)
4(827 135 134 829)
4(749 790 751 789)
2(97 65)
5(36 100 35 101 69)
4(66 0 1 97)
4(750 829 830 791)
3(828 830 790)
2(3 1)
5(3 69 4 37 68)
4(672 8 742 744)
4(2 673 34 33)
3(792 790 751)
3(831 829 790)
3(36 2 604)
1(674)
4(791 793 831 753)
4(832 830 792 137)
4(664 72 736 735)
1(736)
4(833 793 138 831)
4(832 754 792 794)
3(11 675 747)
3(838 142 836)
2(36 38)
5(766 102 32 765 30)
4(847 151 845 153)
3(19 755 753)
4(832 834 140 794)
3(159 851 853)
3(36 773 772)
5(776 778 113 41 43)
3(774 776 39)
5(148 147 840 802 842)
2(782 784)
3(793 795 833)
3(852 850 157)
4(855 857 162 163)
4(843 151 845 844)
3(161 816 856)
4(852 160 813 854)
4(848 846 154 807)
4(819 164 165 859)
2(738 74)
3(739 75 740)
3(75 6 76)
3(5 741 77)
4(78 741 77 742)
4(743 79 78 9)
2(8 744)
2(80 745)
3(12 81 746)
3(13 11 83)
4(12 749 748 84)
3(84 15 749)
4(16 85 14 87)
4(88 750 17 15)
4(19 753 89 17)
4(18 90 754 20)
2(19 21)
3(20 756 755)
4(93 757 92 23)
3(22 95 24)
2(23 760)
2(95 761)
4(97 761 27 96)
2(28 26)
4(763 27 99 29)
3(28 30 100)
4(29 764 31 102)
3(31 33 768)
4(769 104 32 768)
3(35 104 769)
4(107 769 34 36)
3(35 37 108)
4(773 109 108 39)
3(38 40 775)
3(39 112 41)
2(40 42)
4(44 42 778 114)
3(116 43 45)
2(779 44)
2(116 782)
4(117 48 782 118)
3(47 49 119)
3(50 48 120)
4(49 786 51 785)
3(50 52 121)
5(787 123 51 122 53)
4(52 54 788 124)
2(55 53)
3(791 126 54)
3(127 791 57)
2(56 58)
3(57 793 59)
4(795 129 60 58)
3(59 61 796)
5(62 60 131 797 132)
4(61 63 133 797)
3(62 799 64)
4(135 63 800 65)
3(64 801 135)
4(137 801 136 67)
1(66)
3(803 138 69)
3(804 140 68)
2(805 141)
1(143)
3(285 215 1)
3(738 215 144)
3(144 75 3)
4(4 74 5 146)
2(146 5)
3(148 7 6)
3(7 149 8)
3(8 80 150)
3(79 10 81)
4(151 11 82 80)
2(81 152)
2(12 154)
3(155 13 14)
4(155 15 86 156)
5(158 85 87 156 157)
3(88 86 15)
3(89 16 87)
5(88 90 18 160 159)
4(161 19 89 91)
3(92 90 163)
2(91 22)
4(22 163 94 164)
3(93 166 95)
4(23 96 94 25)
3(97 95 26)
5(26 168 96 98 167)
3(97 99 169)
4(28 170 98 100)
4(101 170 29 99)
3(100 172 102)
5(31 103 173 101 30)
2(102 104)
5(105 174 33 34 103)
3(176 104 106)
3(107 105 177)
4(108 106 35 178)
4(107 109 38 36)
4(108 38 180 110)
3(111 109 181)
3(110 183 112)
5(40 183 113 111 184)
3(42 112 114)
5(115 113 184 43 185)
4(114 187 116 186)
4(44 46 117 115)
4(47 187 188 116)
4(188 119 47 189)
4(190 118 120 48)
4(49 119 191 121)
3(122 120 51)
4(192 52 123 121)
4(52 194 122 124)
3(123 125 53)
1(124)
3(196 127 55)
5(56 128 126 197 198)
3(127 129 199)
4(59 199 130 128)
3(129 131 200)
4(130 202 132 61)
4(133 131 203 61)
4(204 62 132 134)
1(133)
5(64 206 136 65 205)
3(66 135 207)
4(66 207 138 208)
3(137 139 68)
3(138 140 209)
3(139 69 211)
2(70 211)
1(214)
2(71 735)
4(286 74 216 73)
1(288)
4(75 217 218 76)
3(218 148 219)
4(149 77 219 147)
4(150 148 78 220)
4(151 149 221 79)
3(150 81 152)
4(153 151 223 82)
4(152 154 224 225)
3(153 155 83)
3(154 85 84)
3(226 85 86)
2(227 86)
3(229 86 159)
2(158 89)
3(89 231 230)
3(90 232 162)
3(161 163 234)
4(164 91 93 162)
5(165 163 235 234 93)
3(164 166 237)
3(94 167 165)
4(166 168 97 237)
4(239 97 169 167)
4(168 170 240 98)
5(169 171 99 100 241)
3(170 172 242)
3(171 244 101)
2(244 102)
3(244 104 175)
3(176 174 245)
4(248 105 175 247)
3(106 248 178)
3(179 107 177)
3(178 180 250)
3(251 109 179)
3(251 110 182)
2(181 253)
4(254 112 111 184)
5(183 114 112 185 255)
3(114 256 184)
3(187 256 115)
4(117 186 258 115)
4(258 117 118 259)
2(259 118)
3(261 119 191)
4(190 192 262 120)
4(191 193 122 263)
3(192 194 264)
4(266 123 193 195)
2(196 194)
4(126 195 267 197)
3(268 127 196)
3(269 199 127)
5(129 198 270 200 128)
4(130 271 199 201)
1(200)
3(131 273 203)
3(202 275 132)
4(133 205 275 276)
4(204 206 135 276)
3(278 135 205)
4(278 137 279 136)
3(137 209 279)
4(280 208 210 139)
3(211 209 282)
5(210 141 212 140 283)
1(211)
1(214)
4(142 285 213 284)
3(72 73 286)
2(144 288)
4(288 218 289 146)
4(147 217 146 289)
4(291 148 290 147)
3(149 291 221)
4(292 150 222 220)
2(221 293)
2(152 294)
3(153 295 225)
4(153 297 224 226)
2(156 225)
2(297 157)
3(229 298 300)
3(228 230 158)
3(229 231 160)
5(160 302 232 230 301)
5(161 303 302 231 233)
3(232 305 234)
3(233 164 162)
4(164 236 305 306)
3(235 308 237)
4(165 238 236 167)
3(237 239 308)
5(310 168 309 240 238)
4(239 311 169 241)
3(240 170 312)
4(312 243 313 171)
3(244 242 315)
5(243 174 172 173 245)
3(244 246 175)
3(316 247 245)
4(319 246 176 318)
4(176 249 319 177)
3(250 248 320)
4(249 251 322 179)
4(250 180 252 181)
2(253 251)
5(252 324 325 254 182)
4(325 183 253 255)
2(254 184)
5(186 326 327 185 257)
3(327 258 256)
4(329 188 187 257)
4(329 260 188 189)
3(261 332 259)
3(190 260 332)
2(191 333)
3(334 192 264)
4(263 265 335 193)
1(264)
3(337 194 267)
4(268 266 196 338)
4(339 197 267 269)
3(198 268 341)
2(199 341)
3(342 200 272)
3(273 271 343)
4(202 344 274 272)
3(273 346 275)
4(347 203 204 274)
4(277 347 204 205)
3(276 278 349)
4(207 350 206 277)
4(207 350 208 280)
4(351 209 281 279)
3(280 282 353)
4(354 210 281 283)
2(211 282)
4(355 356 214 426)
4(286 214 72 356)
4(357 285 144 215)
3(358 357 288)
4(217 287 216 145)
5(360 217 359 218 290)
2(289 219)
4(361 362 219 220)
4(363 221 362 293)
3(292 363 222)
3(364 223 295)
5(224 366 365 294 296)
2(295 297)
4(298 225 227 296)
4(368 228 297 299)
4(369 300 371 298)
3(299 301 228)
2(300 231)
4(373 231 232 372)
4(374 232 304 373)
4(303 376 305 375)
3(235 304 233)
3(376 235 307)
2(306 377)
3(309 236 238)
4(380 239 308 379)
4(381 239 311 380)
4(382 312 310 240)
4(242 311 241 383)
3(242 384 314)
4(313 386 385 315)
3(243 316 314)
4(246 386 315 317)
3(316 318 387)
2(317 247)
3(247 390 248)
4(249 390 321 391)
1(320)
3(250 323 393)
3(322 324 394)
3(323 396 253)
4(326 396 254 253)
2(325 256)
4(397 398 256 257)
3(329 398 400)
4(258 330 328 259)
2(331 329)
4(332 330 401 402)
5(331 333 260 403 261)
3(334 332 262)
4(335 333 263 404)
4(336 334 405 264)
3(335 337 407)
4(336 408 266 338)
3(409 267 337)
3(409 268 340)
2(339 341)
5(412 269 342 270 340)
4(341 271 413 343)
4(344 342 413 272)
4(343 273 415 345)
1(344)
2(417 274)
4(418 275 276 348)
2(347 418)
2(277 420)
4(421 278 351 279)
4(422 350 280 352)
3(351 424 353)
2(352 281)
2(282 425)
1(284)
3(357 284 285)
4(286 287 356 427)
3(499 287 359)
2(358 289)
3(289 431 361)
3(291 360 431)
3(433 292 291)
4(292 434 364 293)
3(294 363 365)
4(366 435 295 364)
4(437 367 295 365)
3(368 366 438)
3(298 367 369)
3(299 439 368)
3(371 440 442)
3(370 299 372)
3(302 371 443)
4(302 444 374 303)
5(303 444 445 373 375)
2(374 304)
4(304 377 447 306)
3(376 378 307)
4(377 450 379 448)
2(378 309)
4(309 381 450 310)
5(310 452 380 382 451)
4(311 453 381 383)
2(312 382)
3(454 313 385)
4(386 455 384 314)
4(385 316 387 314)
4(386 388 457 317)
3(387 458 389)
3(390 388 460)
4(319 461 389 320)
2(461 320)
3(393 462 464)
3(322 392 464)
3(464 323 395)
2(394 466)
4(325 467 324 397)
2(396 327)
4(468 328 327 399)
2(398 470)
2(401 328)
4(331 472 400 471)
4(403 473 331 472)
4(404 474 332 402)
4(403 475 334 405)
4(404 406 335 475)
3(405 407 476)
4(478 336 406 408)
3(479 337 407)
4(339 479 338 410)
3(411 409 480)
3(410 482 412)
3(483 341 411)
4(483 342 414 343)
3(415 413 484)
4(486 344 414 416)
2(415 486)
2(346 488)
4(347 489 419 348)
3(418 489 420)
3(349 491 419)
2(350 492)
3(351 493 492)
2(493 424)
4(352 495 425 423)
3(424 496 354)
2(284 427)
4(498 357 426 428)
2(427 498)
2(430 499)
1(429)
5(501 502 360 361 432)
1(431)
4(434 362 503 504)
4(433 435 505 363)
3(434 436 365)
4(435 437 507 506)
4(366 508 436 438)
3(437 439 367)
3(369 438 440)
3(510 370 439)
3(442 511 513)
3(443 441 370)
3(442 372 444)
5(374 514 515 373 443)
3(516 374 446)
3(518 445 447)
2(446 376)
3(518 378 449)
4(450 519 448 521)
4(449 380 451 378)
3(450 381 522)
4(523 381 453 522)
4(454 382 524 452)
3(453 455 384)
4(454 385 456 525)
2(455 457)
3(458 456 387)
5(388 457 529 459 528)
5(458 530 460 531 529)
3(461 459 389)
5(390 532 462 460 391)
4(461 463 392 533)
3(462 535 464)
5(465 392 463 394 393)
3(535 466 464)
5(467 536 465 537 395)
4(396 538 468 466)
3(467 398 469)
2(468 539)
3(399 540 471)
2(470 401)
4(543 401 402 542)
3(402 544 543)
3(403 545 475)
5(404 546 405 476 474)
4(475 547 406 477)
2(476 548)
3(407 549 479)
5(550 409 408 478 480)
4(479 481 410 551)
3(480 552 482)
4(411 553 481 483)
5(412 554 413 482 484)
4(554 483 485 414)
1(484)
4(557 415 487 416)
3(557 488 486)
4(487 559 417 489)
4(560 418 488 419)
2(491 560)
3(490 492 420)
4(563 421 491 422)
5(563 422 564 494 423)
3(493 565 495)
4(424 566 496 494)
3(495 425 567)
0()
3(427 569 428)
4(571 358 570 429)
1(571)
2(572 431)
3(573 503 431)
3(502 433 574)
2(575 433)
4(434 575 506 576)
3(505 507 436)
5(436 578 577 508 506)
5(437 579 578 509 507)
2(510 508)
3(440 509 511)
4(581 441 512 510)
4(513 582 511 583)
4(514 512 441 584)
3(444 513 585)
2(586 444)
4(445 586 517 587)
2(516 589)
3(448 446 519)
4(589 449 518 520)
4(519 521 590 592)
2(449 520)
3(592 451 452)
4(594 452 593 524)
4(525 523 595 453)
3(524 526 455)
4(525 527 596 597)
3(528 526 598)
3(599 527 458)
4(458 599 459 600)
4(531 600 602 459)
4(530 532 459 603)
4(531 533 461 603)
5(534 532 604 603 462)
5(606 533 605 535 604)
4(465 463 534 536)
4(466 607 606 535)
2(466 608)
3(609 467 539)
3(538 540 469)
4(610 541 470 539)
3(611 542 540)
3(472 541 613)
3(472 614 473)
3(473 615 545)
4(616 474 544 546)
4(475 617 547 545)
4(546 548 476 618)
5(549 618 547 619 477)
3(478 620 548)
2(479 621)
3(621 480 622)
3(622 553 481)
4(552 554 482 624)
5(483 625 553 484 555)
2(625 554)
3(557 626 627)
4(486 556 487 628)
2(628 559)
3(558 560 488)
5(489 559 490 561 631)
3(560 632 562)
2(561 563)
4(492 493 634 562)
3(634 493 565)
5(635 566 564 494 637)
4(565 567 495 638)
2(566 496)
1(569)
3(498 568 570)
3(499 569 640)
3(499 642 500)
3(501 643 642)
3(643 502 644)
3(645 503 644)
5(646 645 504 505 576)
5(647 577 575 646 505)
3(576 578 507)
6(649 577 508 507 579 648)
5(508 650 580 649 578)
2(579 581)
3(580 511 582)
4(581 512 652 583)
4(654 512 582 584)
4(655 513 583 585)
2(514 584)
4(516 656 515 657)
4(658 516 588 657)
4(659 589 587 660)
4(519 588 517 590)
5(591 589 660 661 520)
4(592 590 661 663)
4(593 591 522 520)
5(523 663 592 594 664)
4(665 523 595 593)
4(666 524 594 596)
2(595 526)
2(667 526)
3(668 527 669)
4(528 670 529 669)
4(670 601 530 529)
4(601 674 530 603)
5(532 604 531 602 533)
5(603 605 533 674 534)
5(676 604 534 606 675)
4(534 605 536 677)
2(678 536)
3(609 678 537)
4(608 538 680 610)
4(540 609 681 611)
4(681 541 612 610)
3(682 613 611)
2(612 542)
3(543 685 684)
4(685 616 544 686)
4(687 545 615 617)
3(688 546 616)
3(688 548 547)
2(548 689)
3(549 691 621)
4(550 692 620 551)
4(552 692 551 623)
3(693 624 622)
3(695 553 623)
4(554 696 626 555)
3(556 696 625)
3(697 628 556)
4(627 558 629 557)
4(699 630 628 700)
2(629 631)
4(630 560 632 702)
5(703 561 633 631 702)
2(632 634)
4(705 564 633 563)
3(565 705 636)
4(635 708 706 637)
2(636 565)
1(566)
0()
3(570 710 641)
1(640)
4(572 571 2 1)
4(3 573 572 2)
3(3 574 573)
3(4 575 574)
5(5 575 647 576 6)
5(648 6 576 646 7)
4(647 649 578 8)
5(650 578 648 8 579)
4(651 582 653 12)
3(656 654 584)
2(655 586)
4(16 587 586 658)
4(587 18 657 17)
2(588 19)
4(661 588 590 20)
5(662 660 20 591 590)
4(662 593 591 23)
2(24 593)
3(26 595 667)
2(666 597)
2(598 27)
3(602 604 675)
4(35 34 605 674)
3(606 37 676)
5(711 608 37 607 679)
3(713 609 681)
4(680 682 611 610)
4(681 715 612 683)
2(683 614)
4(614 718 615 717)
4(616 686 688 720)
4(617 721 618 687)
2(721 619)
4(724 620 690 692)
5(621 725 622 691 693)
3(694 692 623)
3(726 695 693)
4(694 696 728 624)
5(625 695 729 697 626)
4(627 729 696 698)
4(699 730 697 732)
2(698 629)
3(732 701 629)
2(700 702)
4(632 701 631 735)
4(735 632 704 737)
3(705 703 738)
4(704 634 706 635)
4(707 705 636 738)
4(706 741 740 708)
4(636 707 742 709)
1(708)
4(691 757 725 723)
4(758 692 724 726)
3(694 759 725)
2(759 728)
4(727 729 695 761)
5(728 730 696 697 762)
4(729 731 698 763)
5(732 730 765 764 763)
4(731 700 733 698)
3(734 765 732)
3(735 733 736)
3(703 734 702)
2(734 770)
3(703 771 738)
4(704 739 706 737)
3(771 738 740)
4(773 707 739 772)
3(707 774 775)
2(775 708)
4(724 128 756 758)
3(129 725 757)
4(129 727 726 760)
3(130 761 759)
2(760 728)
2(133 729)
4(133 731 134 730)
4(764 733 767 731)
2(767 769)
2(736 141)
4(142 737 739 772)
3(771 143 740)
3(146 742 741)
3(643 41 644)
3(1 77 743)
4(645 42 41 5)
2(0 642)
3(743 640 38)
3(643 642 39)
4(42 646 43 4)
1(39)
1(710)
4(2 77 78 40)
3(76 710 0)
3(79 39 148)
5(7 82 43 45 83)
4(647 43 7 646)
5(39 147 0 76 148)
4(3 80 79 4)
3(147 743 77)
3(218 78 77)
5(8 44 647 6 45)
4(46 83 44 7)
3(41 149 78)
3(749 16 751)
4(5 80 4 81)
5(43 151 82 152 42)
4(218 220 149 360)
4(690 26 762 25)
4(762 763 132 204)
5(770 33 768 35 34)
5(7 46 649 648 9)
4(758 128 130 759)
5(85 8 45 47 9)
5(711 47 46 783 781)
5(720 56 790 792 55)
2(149 220)
4(16 18 753 751)
2(652 654)
1(735)
4(726 62 61 798)
4(786 52 788 716)
2(60 725)
3(50 787 715)
4(22 661 663 21)
2(797 727)
2(729 63)
3(64 730 729)
2(652 650)
4(730 66 802 65)
2(8 46)
3(48 650 11)
2(10 12)
2(652 11)
2(50 654)
2(51 15)
4(14 16 654 54)
3(657 15 17)
3(54 658 16)
3(56 658 19)
4(659 57 18 20)
3(661 19 660)
2(662 58)
3(60 662 23)
2(22 663)
3(664 62 61)
4(665 63 26 62)
4(27 25 666 64)
3(26 28 668)
4(27 29 669 65)
4(670 30 66 28)
3(29 31 671)
4(30 32 68 672)
4(31 71 69 33)
2(672 32)
4(673 675 72 35)
5(73 675 676 72 34)
4(73 75 676 37)
5(678 36 677 711 75)
2(46 85)
4(87 10 86 49)
3(50 48 88)
3(49 13 51)
4(52 50 14 89)
3(51 91 53)
3(52 54 93)
4(17 53 15 55)
2(94 54)
4(18 95 94 57)
4(96 19 56 58)
4(57 21 59 97)
2(58 98)
4(22 98 99 61)
3(60 24 100)
3(100 25 24)
4(64 101 25 102)
3(63 65 26)
3(64 66 28)
4(29 67 65 104)
3(66 68 105)
4(69 67 31 106)
4(70 68 32 107)
3(108 110 69)
3(32 111 72)
3(71 35 34)
4(111 35 36 74)
4(112 73 75 114)
5(744 36 711 74 37)
4(153 45 44 84)
2(83 155)
3(46 156 47)
3(156 48 157)
4(48 158 88 157)
4(89 87 49 159)
3(88 90 51)
3(89 91 160)
4(52 162 92 90)
3(91 164 93)
2(53 92)
3(164 56 55)
4(56 166 165 96)
4(57 167 95 97)
2(58 96)
3(60 168 59)
3(169 100 60)
4(99 62 171 61)
2(171 63)
3(103 172 63)
3(104 102 174)
3(103 105 66)
4(104 106 176 67)
4(107 105 177 68)
5(106 108 69 177 178)
4(107 70 179 109)
4(110 179 181 108)
4(111 109 70 182)
4(73 110 112 71)
3(111 113 74)
4(112 185 183 114)
3(74 113 115)
4(114 116 744 186)
5(186 188 745 117 115)
4(746 118 745 116)
5(189 117 119 748 747)
5(120 189 118 749 748)
3(121 192 119)
3(120 751 122)
2(121 192)
3(193 124 195)
3(125 123 752)
4(124 126 754 196)
4(197 756 125 755)
3(197 128 199)
4(129 127 757 200)
4(129 131 760 201)
4(130 203 202 132)
2(131 133)
4(764 204 136 763)
3(204 205 207)
2(136 208)
3(766 210 209)
4(139 141 212 211)
3(140 142 770)
3(772 213 214)
4(773 214 215 145)
4(144 774 216 146)
3(79 219 150)
3(221 80 81)
3(222 82 81)
3(223 83 154)
2(224 153)
2(84 225)
3(226 86 85)
3(227 87 86)
4(87 229 228 159)
4(230 158 160 88)
3(90 159 161)
2(160 231)
3(232 91 163)
4(164 162 233 235)
4(163 165 94 92)
4(164 236 95 166)
4(236 167 95 165)
5(168 166 96 237 238)
3(169 167 98)
4(168 170 99 239)
4(240 171 169 242)
3(170 101 100)
3(242 102 173)
3(243 174 172)
4(173 175 103 245)
3(174 176 246)
3(175 177 105)
5(248 106 176 107 178)
3(177 249 107)
4(249 109 108 180)
2(179 250)
3(109 253 182)
3(110 183 181)
3(182 184 113)
3(183 256 254)
2(186 113)
5(257 185 116 187 115)
2(186 257)
2(189 116)
5(118 260 188 119 190)
2(189 260)
2(261 192)
4(120 193 191 122)
4(192 194 123 263)
4(193 266 264 195)
3(194 123 196)
3(125 267 195)
4(127 267 126 198)
3(270 197 269)
2(127 271)
2(128 271)
2(271 130)
4(272 203 131 274)
4(205 202 131 204)
4(134 203 133 135)
3(203 206 135)
4(205 277 276 207)
2(206 135)
4(209 277 137 279)
5(208 210 138 279 280)
4(139 209 211 138)
5(140 281 210 282 280)
3(140 282 213)
4(283 142 212 143)
3(144 283 143)
4(284 144 285 216)
5(217 287 145 286 215)
2(216 288)
4(219 221 360 150)
5(151 222 290 291 220)
3(223 221 152)
3(222 224 153)
4(225 223 293 154)
4(226 224 295 155)
4(156 225 227 296)
4(226 228 297 157)
3(158 227 298)
3(158 300 299)
3(300 159 231)
3(230 232 161)
4(162 302 231 303)
3(303 163 234)
4(233 306 304 235)
2(163 234)
3(166 306 165)
3(307 167 238)
4(239 167 309 237)
3(238 240 169)
4(170 310 311 239)
4(242 311 313 312)
4(241 172 170 243)
4(313 173 242 244)
3(243 245 314)
2(244 174)
4(175 317 316 247)
2(246 317)
2(319 177)
4(319 179 250 178)
4(249 251 320 180)
4(250 252 321 323)
3(253 251 324)
3(254 181 252)
4(253 184 255 324)
4(325 256 254 327)
3(257 184 255)
5(256 258 186 328 187)
3(259 257 329)
4(258 260 331 330)
4(259 261 189 190)
4(260 262 331 191)
3(261 334 263)
2(262 193)
2(194 334)
3(266 335 337)
4(265 267 194 338)
4(266 197 196 268)
2(267 339)
3(198 339 341)
2(198 342)
4(342 199 201 200)
3(342 202 273)
2(272 345)
2(275 202)
2(274 346)
4(347 206 346 348)
4(278 206 348 208)
4(277 350 349 279)
4(278 280 208 209)
4(279 211 209 281)
5(351 211 352 282 280)
5(283 281 211 212 353)
4(213 282 354 214)
2(354 215)
3(355 215 286)
3(285 216 358)
1(216)
1(217)
2(361 290)
4(289 221 360 291)
4(292 361 221 290)
2(293 291)
3(224 292 363)
3(363 295 364)
4(294 296 225 365)
4(366 297 295 226)
4(367 296 227 298)
4(368 299 228 297)
4(298 369 300 229)
5(301 229 370 299 230)
2(302 300)
4(232 303 301 372)
4(304 302 233 232)
4(305 303 374 234)
3(304 306 376)
4(305 236 377 234)
3(237 377 308)
2(307 378)
2(238 380)
2(240 380)
4(241 240 381 382)
3(384 241 382)
3(241 314 243)
4(315 313 384 244)
3(387 314 316)
2(315 246)
3(387 246 247)
3(319 388 389)
5(249 318 390 248 320)
3(250 390 319)
3(391 251 322)
2(321 392)
3(395 251 324)
4(254 323 252 325)
4(255 395 326 324)
4(396 327 325 398)
3(328 326 255)
4(329 327 257 399)
4(258 400 328 330)
3(329 402 259)
3(332 259 261)
3(331 333 403)
4(334 332 404 405)
4(262 335 333 264)
4(336 334 405 265)
4(335 408 407 337)
2(265 336)
2(339 266)
5(340 338 409 268 269)
4(412 339 341 410)
4(413 342 340 269)
5(272 341 270 271 343)
3(344 342 414)
2(343 415)
3(273 346 416)
5(345 347 276 417 275)
4(418 276 346 419)
3(277 419 276)
2(420 278)
4(278 422 351 421)
2(350 281)
4(422 353 281 424)
3(354 352 282)
4(353 284 425 283)
3(425 285 356)
4(355 426 428 357)
1(356)
1(286)
0()
3(290 220 219)
4(289 362 291 431)
3(361 363 432)
4(433 362 294 293)
3(294 434 365)
2(364 295)
3(367 296 436)
4(366 297 368 437)
4(439 367 369 298)
5(439 368 370 440 299)
3(369 371 300)
3(372 370 441)
4(443 302 371 373)
2(374 372)
4(304 375 373 444)
4(445 376 447 374)
4(375 448 305 377)
4(306 378 376 307)
4(379 377 448 308)
4(378 449 451 380)
3(379 310 309)
2(451 311)
4(383 452 311 312)
3(382 455 454)
4(312 314 385 455)
3(386 455 384)
4(458 385 387 456)
4(388 315 386 317)
3(318 387 458)
4(459 390 461 318)
4(389 391 319 320)
3(390 392 321)
4(391 393 463 322)
3(392 464 394)
3(393 395 466)
3(325 394 323)
3(466 326 397)
3(467 398 396)
2(397 326)
2(470 328)
4(329 471 401 470)
3(400 473 402)
2(330 401)
3(473 332 404)
5(474 405 333 403 476)
4(404 335 333 406)
2(477 405)
2(336 478)
4(336 480 479 409)
2(339 408)
3(480 340 411)
4(412 481 483 410)
3(484 340 411)
2(341 414)
4(485 413 415 343)
4(414 487 344 416)
4(345 487 415 417)
3(488 346 416)
3(488 347 490)
3(490 348 347)
4(490 421 492 349)
4(420 422 350 493)
4(421 423 350 352)
4(424 422 495 493)
3(423 425 352)
4(424 355 426 354)
4(425 427 496 356)
3(426 498 499)
2(356 500)
1(501)
0()
1(361)
2(502 362)
3(434 363 502)
4(435 433 503 364)
3(434 436 505)
3(435 366 507)
4(367 507 508 438)
2(437 508)
4(368 510 369 509)
3(441 369 510)
3(440 442 371)
3(443 441 512)
4(444 372 514 442)
3(443 445 374)
4(375 444 515 446)
4(447 518 516 445)
4(446 375 519 448)
4(449 376 447 378)
4(519 448 379 450)
4(520 451 449 522)
4(452 381 379 450)
3(451 453 382)
3(454 452 523)
4(453 526 455 383)
5(456 383 454 385 384)
3(455 457 386)
4(456 458 528 527)
4(457 388 459 386)
4(529 389 458 460)
2(459 530)
3(389 532 462)
2(461 533)
2(533 392)
4(393 535 465 534)
3(464 466 537)
4(467 394 396 465)
4(468 466 538 397)
4(467 538 540 469)
2(470 468)
3(469 399 400)
3(472 541 400)
3(471 544 473)
4(474 403 472 401)
4(404 544 475 473)
4(474 546 476 547)
2(404 475)
2(406 547)
4(548 550 407 479)
3(551 408 478)
3(408 481 410)
5(480 482 552 411 551)
4(481 554 553 483)
3(411 555 482)
2(485 412)
3(486 484 414)
3(558 485 556)
4(415 558 416 488)
5(418 559 558 487 417)
3(559 490 561)
5(489 420 491 418 419)
4(490 563 492 561)
4(493 491 420 564)
4(423 492 421 494)
4(495 564 566 493)
4(423 567 494 496)
3(426 495 497)
1(496)
2(568 427)
2(427 571)
2(572 428)
1(429)
2(433 432)
2(434 504)
2(503 573)
3(574 435 507)
2(574 507)
4(437 505 436 506)
3(577 437 438)
3(577 439 510)
5(580 439 440 511 509)
2(510 512)
4(442 511 582 513)
2(512 582)
3(443 585 515)
4(516 585 445 514)
5(587 446 515 586 517)
2(516 587)
3(589 446 519)
4(449 518 447 520)
4(521 519 450 590)
3(593 520 522)
2(450 521)
3(593 453 524)
3(525 594 523)
4(526 596 524 597)
3(527 525 454)
3(526 457 528)
5(598 529 599 457 527)
3(459 528 530)
4(529 531 599 460)
3(603 530 532)
3(533 531 461)
4(534 532 463 462)
4(604 533 535 464)
4(606 464 534 536)
2(535 537)
2(465 536)
3(468 608 467)
2(609 540)
5(541 468 539 612 611)
3(540 471 542)
2(541 612)
3(613 544 615)
4(474 472 543 545)
3(544 546 615)
5(618 475 545 547 616)
3(546 477 475)
3(478 618 549)
2(619 548)
3(478 622 621)
3(479 622 481)
4(481 623 553 622)
3(552 625 482)
2(482 626)
2(483 556)
4(486 557 555 626)
3(556 629 627)
4(559 486 487 488)
5(558 560 629 489 488)
4(559 632 561 631)
4(560 489 562 491)
4(632 634 561 563)
4(491 635 564 562)
4(563 492 494 565)
4(564 635 566 637)
4(565 567 494 638)
3(495 568 566)
4(567 639 498 569)
3(568 641 640)
1(641)
1(499)
1(500)
2(574 504)
5(505 644 575 573 506)
3(574 576 646)
5(575 577 647 646 579)
3(509 576 508)
3(647 650 648)
1(576)
3(510 650 581)
2(580 651)
3(652 512 513)
3(585 652 584)
2(583 655)
4(583 586 514 515)
3(656 516 585)
5(516 588 656 657 517)
3(660 657 587)
4(518 660 590 661)
3(589 520 591)
2(661 590)
2(662 593)
4(523 592 521 594)
4(593 595 524 664)
3(594 596 665)
4(595 525 597 667)
3(596 598 525)
3(669 528 597)
4(528 600 670 530)
3(599 602 601)
4(670 673 671 600)
2(600 674)
2(604 531)
4(605 603 534 674)
3(604 606 675)
4(677 535 605 607)
3(606 608 679)
3(607 538 609)
3(539 679 608)
2(680 611)
4(540 683 610 612)
4(613 540 611 542)
4(614 612 543 683)
3(685 613 615)
4(686 545 543 614)
2(686 546)
3(687 618 619)
4(619 546 548 617)
5(618 620 617 549 689)
4(691 619 621 690)
4(620 692 550 691)
5(692 550 551 552 623)
4(552 693 622 624)
2(623 694)
3(626 553 695)
4(627 554 625 556)
3(626 628 557)
4(627 629 697 698)
4(630 628 559 557)
4(629 698 700 631)
4(632 630 560 700)
4(633 560 631 562)
4(632 703 702 634)
4(635 633 704 562)
4(634 563 636 565)
4(635 705 704 637)
4(565 636 638 706)
3(566 639 637)
3(568 707 638)
1(569)
3(710 570 569)
0()
0()
2(574 645)
3(644 646 715)
5(716 647 645 576 575)
4(578 576 646 717)
4(578 720 719 649)
2(648 651)
3(651 580 578)
5(650 723 652 581 649)
5(723 583 651 582 653)
2(654 652)
4(724 655 653 726)
4(654 727 656 584)
4(586 655 587 727)
4(727 588 587 658)
2(729 657)
4(730 660 732 731)
4(589 588 732 659)
3(589 591 732)
4(592 732 733 663)
3(733 735 662)
2(735 594)
4(595 736 735 666)
2(665 667)
3(668 596 666)
4(669 738 740 667)
4(598 668 670 741)
3(601 599 669)
4(672 741 601 742)
3(671 744 673)
4(745 601 674 672)
4(602 604 673 675)
4(605 745 674 676)
2(746 675)
4(606 748 749 678)
4(679 749 677 751)
4(680 607 678 609)
3(679 610 752)
3(682 752 754)
3(681 683 755)
4(613 682 611 684)
2(683 755)
4(756 614 759 686)
4(615 759 685 616)
3(759 617 688)
3(689 760 687)
3(688 762 619)
2(763 620)
4(620 692 764 621)
4(622 691 621 693)
4(694 765 623 692)
3(693 768 624)
3(768 625 696)
1(695)
3(769 628 698)
5(771 630 699 628 697)
3(773 698 700)
5(630 774 699 701 631)
2(700 702)
3(633 775 701)
3(633 777 704)
4(634 778 636 703)
2(636 706)
2(705 637)
2(782 639)
0()
2(784 710)
2(641 709)
0()
0()
0()
0()
3(645 716 786)
3(646 718 715)
3(647 719 718)
3(789 716 717)
5(789 720 717 790 648)
5(722 721 719 648 790)
5(722 792 720 790 794)
4(720 723 721 794)
4(652 724 651 722)
4(794 723 725 654)
3(796 724 726)
2(725 654)
5(798 657 655 656 728)
3(798 729 727)
3(800 658 728)
4(801 659 731 802)
4(659 803 730 733)
5(662 660 733 659 661)
5(734 732 662 663 731)
3(806 733 803)
4(806 665 664 663)
3(737 806 665)
3(736 738 809)
2(668 737)
3(740 810 809)
4(668 812 739 741)
3(669 671 740)
3(812 743 671)
2(742 814)
4(816 746 672 745)
4(673 675 746 744)
4(744 747 745 676)
3(748 817 746)
3(747 677 819)
4(819 678 677 750)
4(822 749 820 751)
2(678 750)
3(822 680 681)
3(754 823 822)
3(753 755 681)
4(756 682 754 684)
3(826 685 755)
3(758 826 827)
3(757 759 829)
5(758 685 687 686 760)
4(759 829 688 761)
3(762 829 760)
2(761 689)
3(764 832 690)
4(691 763 834 765)
3(693 764 766)
3(765 767 835)
2(766 836)
4(838 694 769 695)
2(768 697)
3(838 840 771)
3(698 770 772)
2(771 841)
4(699 842 843 774)
3(775 700 773)
3(774 844 702)
0()
3(846 703 778)
4(780 704 777 779)
1(778)
2(778 849)
0()
2(707 851)
1(851)
2(853 709)
0()
2(787 715)
2(788 786)
3(789 787 791)
4(718 788 719 790)
5(789 721 791 720 719)
3(788 792 790)
2(721 791)
2(794 795)
4(724 793 722 721)
1(793)
2(725 797)
3(798 799 796)
3(727 797 728)
2(800 797)
3(799 801 729)
3(730 800 802)
2(801 730)
3(731 804 734)
1(803)
2(806 807)
4(805 735 734 736)
2(805 808)
1(807)
3(737 810 739)
3(809 811 739)
2(810 813)
3(740 813 742)
3(812 814 811)
3(813 815 743)
2(816 814)
3(744 817 815)
3(747 818 816)
2(819 817)
4(820 818 748 749)
3(819 821 750)
3(820 823 822)
4(821 752 750 753)
3(821 824 753)
2(823 825)
2(824 826)
3(825 757 756)
2(757 828)
1(827)
4(830 758 760 761)
2(829 831)
2(832 830)
3(763 831 833)
2(834 832)
3(764 833 835)
3(836 834 766)
3(835 837 767)
3(838 836 839)
3(768 837 770)
1(837)
2(841 770)
3(840 842 772)
3(773 841 843)
3(844 773 842)
3(845 775 843)
2(844 846)
3(845 847 777)
2(846 848)
3(847 850 849)
3(851 848 780)
3(848 852 851)
5(782 849 852 850 783)
3(853 851 850)
3(852 784 854)
2(853 855)
1(854)
0()
5(712 678 75 679 37)
3(745 75 115)
4(713 745 711 746)
4(712 116 744 117)
4(713 117 747 712)
5(712 746 680 679 714)
3(746 118 715)
2(713 715)
4(119 716 118 715)
6(682 748 716 747 683 714)
2(119 750)
4(748 717 715 683)
3(218 76 77)
3(44 152 81)
3(749 718 717)
3(685 716 750)
4(121 718 752 719)
5(685 750 751 686 719)
3(219 147 148)
3(751 124 753)
4(751 720 718 753)
4(10 649 579 651)
5(655 13 15 583 653)
2(719 752)
3(721 719 687)
4(6 81 5 44)
3(41 151 42)
4(601 31 673 33)
5(720 722 688 754 689)
2(125 721)
2(670 30)
2(594 25)
4(721 690 755 723)
3(34 601 672)
3(126 722 723)
5(600 29 599 669 671)
4(28 599 670 598)
4(755 724 756 722)
4(605 36 35 677)
3(126 757 723)
2(691 722)
4(684 715 682 716)
3(678 713 711)
2(134 137)
4(600 672 602 673)
3(718 687 615)
4(767 140 210 769)
2(764 138)
3(771 213 141)
2(775 145)
2(139 768)
2(740 144)
3(139 765 768)
2(741 145)
4(134 765 766 731)
)


// ************************************************************************* //
