/*--------------------------------*- C++ -*----------------------------------*\
  =========                 |
  \\      /  F ield         | OpenFOAM: The Open Source CFD Toolbox
   \\    /   O peration     | Website:  https://openfoam.org
    \\  /    A nd           | Version:  10
     \\/     M anipulation  |
\*---------------------------------------------------------------------------*/
FoamFile
{
    format      ascii;
    class       faceList;
    location    "constant/polyMesh";
    object      faces;
}
// * * * * * * * * * * * * * * * * * * * * * * * * * * * * * * * * * * * * * //


158
(
4(1 7 37 31)
4(6 36 37 7)
4(30 31 37 36)
4(2 8 38 32)
4(7 37 38 8)
4(31 32 38 37)
4(3 9 39 33)
4(8 38 39 9)
4(32 33 39 38)
4(4 10 40 34)
4(9 39 40 10)
4(33 34 40 39)
4(10 40 41 11)
4(34 35 41 40)
4(7 13 43 37)
4(12 42 43 13)
4(36 37 43 42)
4(8 14 44 38)
4(13 43 44 14)
4(37 38 44 43)
4(9 15 45 39)
4(14 44 45 15)
4(38 39 45 44)
4(10 16 46 40)
4(15 45 46 16)
4(39 40 46 45)
4(16 46 47 17)
4(40 41 47 46)
4(13 19 49 43)
4(18 48 49 19)
4(42 43 49 48)
4(14 20 50 44)
4(19 49 50 20)
4(43 44 50 49)
4(15 21 51 45)
4(20 50 51 21)
4(44 45 51 50)
4(16 22 52 46)
4(21 51 52 22)
4(45 46 52 51)
4(22 52 53 23)
4(46 47 53 52)
4(19 25 55 49)
4(48 49 55 54)
4(20 26 56 50)
4(49 50 56 55)
4(21 27 57 51)
4(50 51 57 56)
4(22 28 58 52)
4(51 52 58 57)
4(52 53 59 58)
4(31 37 67 61)
4(36 66 67 37)
4(32 38 68 62)
4(37 67 68 38)
4(33 39 69 63)
4(38 68 69 39)
4(34 40 70 64)
4(39 69 70 40)
4(40 70 71 41)
4(37 43 73 67)
4(42 72 73 43)
4(38 44 74 68)
4(43 73 74 44)
4(39 45 75 69)
4(44 74 75 45)
4(40 46 76 70)
4(45 75 76 46)
4(46 76 77 47)
4(43 49 79 73)
4(48 78 79 49)
4(44 50 80 74)
4(49 79 80 50)
4(45 51 81 75)
4(50 80 81 51)
4(46 52 82 76)
4(51 81 82 52)
4(52 82 83 53)
4(49 55 85 79)
4(50 56 86 80)
4(51 57 87 81)
4(52 58 88 82)
4(24 54 55 25)
4(54 84 85 55)
4(25 55 56 26)
4(55 85 86 56)
4(26 56 57 27)
4(56 86 87 57)
4(27 57 58 28)
4(57 87 88 58)
4(28 58 59 29)
4(58 88 89 59)
4(0 30 36 6)
4(6 36 42 12)
4(12 42 48 18)
4(18 48 54 24)
4(30 60 66 36)
4(36 66 72 42)
4(42 72 78 48)
4(48 78 84 54)
4(5 11 41 35)
4(11 17 47 41)
4(17 23 53 47)
4(23 29 59 53)
4(35 41 71 65)
4(41 47 77 71)
4(47 53 83 77)
4(53 59 89 83)
4(0 1 31 30)
4(30 31 61 60)
4(1 2 32 31)
4(31 32 62 61)
4(2 3 33 32)
4(32 33 63 62)
4(3 4 34 33)
4(33 34 64 63)
4(4 5 35 34)
4(34 35 65 64)
4(0 6 7 1)
4(6 12 13 7)
4(12 18 19 13)
4(18 24 25 19)
4(1 7 8 2)
4(7 13 14 8)
4(13 19 20 14)
4(19 25 26 20)
4(2 8 9 3)
4(8 14 15 9)
4(14 20 21 15)
4(20 26 27 21)
4(3 9 10 4)
4(9 15 16 10)
4(15 21 22 16)
4(21 27 28 22)
4(4 10 11 5)
4(10 16 17 11)
4(16 22 23 17)
4(22 28 29 23)
4(60 61 67 66)
4(66 67 73 72)
4(72 73 79 78)
4(78 79 85 84)
4(61 62 68 67)
4(67 68 74 73)
4(73 74 80 79)
4(79 80 86 85)
4(62 63 69 68)
4(68 69 75 74)
4(74 75 81 80)
4(80 81 87 86)
4(63 64 70 69)
4(69 70 76 75)
4(75 76 82 81)
4(81 82 88 87)
4(64 65 71 70)
4(70 71 77 76)
4(76 77 83 82)
4(82 83 89 88)
)


// ************************************************************************* //
