/*--------------------------------*- C++ -*----------------------------------*\
  =========                 |
  \\      /  F ield         | OpenFOAM: The Open Source CFD Toolbox
   \\    /   O peration     | Website:  https://openfoam.org
    \\  /    A nd           | Version:  10
     \\/     M anipulation  |
\*---------------------------------------------------------------------------*/
FoamFile
{
    format      ascii;
    class       vectorField;
    location    "constant/polyMesh";
    object      points;
}
// * * * * * * * * * * * * * * * * * * * * * * * * * * * * * * * * * * * * * //


90
(
(0 0 -0.0002)
(0.0003 0 -0.0002)
(0.0006 0 -0.0002)
(0.0009 0 -0.0002)
(0.0012 0 -0.0002)
(0.0015 0 -0.0002)
(0 0.000125 -0.0002)
(0.0003 0.000125 -0.0002)
(0.0006 0.000125 -0.0002)
(0.0009 0.000125 -0.0002)
(0.0012 0.000125 -0.0002)
(0.0015 0.000125 -0.0002)
(0 0.00025 -0.0002)
(0.0003 0.00025 -0.0002)
(0.0006 0.00025 -0.0002)
(0.0009 0.00025 -0.0002)
(0.0012 0.00025 -0.0002)
(0.0015 0.00025 -0.0002)
(0 0.000375 -0.0002)
(0.0003 0.000375 -0.0002)
(0.0006 0.000375 -0.0002)
(0.0009 0.000375 -0.0002)
(0.0012 0.000375 -0.0002)
(0.0015 0.000375 -0.0002)
(0 0.0005 -0.0002)
(0.0003 0.0005 -0.0002)
(0.0006 0.0005 -0.0002)
(0.0009 0.0005 -0.0002)
(0.0012 0.0005 -0.0002)
(0.0015 0.0005 -0.0002)
(0 0 -5e-05)
(0.0003 0 -5e-05)
(0.0006 0 -5e-05)
(0.0009 0 -5e-05)
(0.0012 0 -5e-05)
(0.0015 0 -5e-05)
(0 0.000125 -5e-05)
(0.0003 0.000125 -5e-05)
(0.0006 0.000125 -5e-05)
(0.0009 0.000125 -5e-05)
(0.0012 0.000125 -5e-05)
(0.0015 0.000125 -5e-05)
(0 0.00025 -5e-05)
(0.0003 0.00025 -5e-05)
(0.0006 0.00025 -5e-05)
(0.0009 0.00025 -5e-05)
(0.0012 0.00025 -5e-05)
(0.0015 0.00025 -5e-05)
(0 0.000375 -5e-05)
(0.0003 0.000375 -5e-05)
(0.0006 0.000375 -5e-05)
(0.0009 0.000375 -5e-05)
(0.0012 0.000375 -5e-05)
(0.0015 0.000375 -5e-05)
(0 0.0005 -5e-05)
(0.0003 0.0005 -5e-05)
(0.0006 0.0005 -5e-05)
(0.0009 0.0005 -5e-05)
(0.0012 0.0005 -5e-05)
(0.0015 0.0005 -5e-05)
(0 0 0.0001)
(0.0003 0 0.0001)
(0.0006 0 0.0001)
(0.0009 0 0.0001)
(0.0012 0 0.0001)
(0.0015 0 0.0001)
(0 0.000125 0.0001)
(0.0003 0.000125 0.0001)
(0.0006 0.000125 0.0001)
(0.0009 0.000125 0.0001)
(0.0012 0.000125 0.0001)
(0.0015 0.000125 0.0001)
(0 0.00025 0.0001)
(0.0003 0.00025 0.0001)
(0.0006 0.00025 0.0001)
(0.0009 0.00025 0.0001)
(0.0012 0.00025 0.0001)
(0.0015 0.00025 0.0001)
(0 0.000375 0.0001)
(0.0003 0.000375 0.0001)
(0.0006 0.000375 0.0001)
(0.0009 0.000375 0.0001)
(0.0012 0.000375 0.0001)
(0.0015 0.000375 0.0001)
(0 0.0005 0.0001)
(0.0003 0.0005 0.0001)
(0.0006 0.0005 0.0001)
(0.0009 0.0005 0.0001)
(0.0012 0.0005 0.0001)
(0.0015 0.0005 0.0001)
)


// ************************************************************************* //
